0,7,0.416,-0.04,0.33,0.84,147.87,19.79,34.71,0.08,0.01,-0.29,4.09,46.54,-49.13,-19.23,-0.38,0.41,0.57
0.001,4,0.348,-0.45,-0.02,0.82,134.58,47.02,-30.38,-0.03,0.03,-0.02,3.94,-13.28,-17.7,9.92,-0.73,-0.37,0.58
0.005,0,-0.928,-0.16,-0.12,0.32,338.75,18.74,13.74,-0.07,0.05,-0.03,4.09,3.81,-1.68,-4.43,-0.34,0.13,0.9
0.006,5,-0.343,0.41,-0.21,-0.82,151.47,54.58,5.49,0.05,0.02,-0.06,4.01,-17.7,7.93,29.45,-0.83,0.03,0.52
0.035,2,0.923,-0.32,-0.07,0.21,39.22,0.4,-37.83,0.17,0.08,0.09,4.09,-10.22,-9.61,10.22,0.1,-0.77,0.8
0.037,6,-0.756,-0.2,0.07,-0.62,90.43,-20.57,13.19,-0.28,0.94,0.3,3.96,-5.04,52.8,-18.62,-0.48,0.52,1.49
0.04,1,-0.713,0.11,0.03,0.69,286.33,-10.93,-6.86,0.04,0.27,0.09,4.09,-17.24,-9,-24.26,0.44,-0.12,1.04
0.042,3,-0.954,-0.15,0.07,0.25,343.8,-3.37,18.42,0.09,0.07,0.44,4.09,-25.02,31.89,69.43,0.2,0.46,1.34
0.1,7,0.454,0.01,0.34,0.82,142.15,17.6,36.63,0.24,0.07,-0.06,4.09,-7.02,-46.39,-61.8,-0.45,0.28,0.77
0.102,4,0.332,-0.43,-0.03,0.84,138.67,44.98,-28.61,-0.02,-0.08,-0.01,3.94,-0.31,-31.43,21.21,-0.69,-0.38,0.72
0.105,0,-0.929,-0.16,-0.11,0.32,338.27,17.23,13.59,-0,0.12,0.04,4.09,-13.89,-28.99,11.9,-0.25,0.13,1.02
0.107,5,-0.321,0.4,-0.2,-0.83,155.17,53.15,6.52,-0.04,-0.05,0.15,4.01,-18.01,-18.01,18.01,-0.9,0.01,0.72
0.137,2,0.916,-0.32,-0.07,0.22,41.13,0.41,-38.89,0.2,-0.03,0.09,4.09,-1.22,-14.5,-1.98,0.19,-0.78,0.79
0.139,6,-0.758,-0.15,-0.02,-0.63,92.55,-9.61,14.89,0.77,-0.13,0.13,3.96,-4.43,130.62,73.39,0.49,-0.4,1.21
0.142,1,-0.708,0.11,0.03,0.7,285.6,-11.19,-6.61,-0.05,-0.04,0.08,4.09,32.96,0.31,25.18,0.17,-0.12,0.94
0.144,3,-0.962,-0.14,0.06,0.23,346.64,-2.43,16.89,-0.06,-0.12,-0.05,4.09,-1.22,13.73,7.63,-0.07,0.34,0.9
0.204,7,0.452,0.01,0.33,0.83,142.01,16.01,35.66,0.22,-1.82,-1.29,4.09,-77.51,250.24,149.38,1.57,-1.1,0.59
0.207,4,0.314,-0.42,-0.03,0.85,142.59,44.45,-26.32,0.06,0.09,0.04,3.94,-13.43,-6.41,36.47,-0.8,-0.29,0.58
0.211,0,-0.938,-0.14,-0.09,0.3,339.84,15.1,12.49,-0.09,-0.06,0.07,4.09,-19.99,8.85,22.13,-0.39,0.23,0.94
0.212,5,-0.298,0.4,-0.19,-0.85,159.27,51.6,8.13,-0.03,-0.01,-0.06,4.01,-22.13,-7.63,27.77,-0.71,0.06,0.57
0.239,2,0.917,-0.32,-0.09,0.23,42.35,-0.68,-38.23,0.21,0,0.14,4.09,3.05,-13.28,31.74,0.17,-0.69,0.84
0.241,6,-0.688,-0.07,-0.07,-0.72,106.41,-0.46,11.84,0.13,-0.2,0.12,3.96,-25.33,131.84,93.54,0.19,0.11,1.13
0.245,1,-0.745,0.1,0.04,0.66,291.64,-10.63,-5.34,-0.11,-0.18,0.22,4.09,47.3,17.24,143.13,0.09,-0.17,1.11
0.246,3,-0.96,-0.14,0.05,0.24,346.1,-1.75,16.76,0.07,0.01,0.01,4.09,-12.51,-12.21,-35.55,0.17,0.34,0.95
0.298,7,0.393,0.05,0.29,0.87,147.83,7.96,34.02,0.06,-0.2,-0.12,4.09,-22.43,-21.97,43.95,0.03,0.34,0.78
0.3,4,0.281,-0.42,-0.02,0.86,148.24,45.28,-23.07,-0.04,-0.05,-0.04,3.94,-2.75,-8.24,29.75,-0.64,-0.32,0.66
0.304,0,-0.942,-0.14,-0.1,0.29,341.62,15.31,12.7,-0.16,-0.05,-0.02,4.09,-7.78,11.44,26.09,-0.4,0.16,0.88
0.305,5,-0.275,0.39,-0.19,-0.86,163.32,49.99,9.98,0.03,-0.1,0.01,4.01,3.51,-11.29,6.41,-0.77,-0.06,0.69
0.331,2,0.909,-0.31,-0.09,0.26,46.1,0.04,-37.95,0,-0.19,-0.17,4.09,15.72,-14.34,-1.53,0.11,-0.45,0.75
0.333,6,-0.635,0.01,-0.12,-0.76,115.44,9.85,10.09,-0.12,-0.44,-0.08,3.96,-34.33,101.78,34.33,0.21,0.26,0.87
0.337,1,-0.81,0.09,0.05,0.58,303.45,-10.38,-5.1,0.1,-0.1,0.04,4.09,14.65,-25.63,116.88,0.12,0.04,1.03
0.339,3,-0.959,-0.14,0.05,0.24,345.64,-2.01,17.38,-0.15,0.01,-0.12,4.09,4.12,1.22,32.04,-0.07,0.16,0.91
0.405,7,0.343,0.09,0.27,0.9,152.54,1.25,32.52,-0.22,0.03,0.06,4.09,-21.97,-34.33,54.78,0.12,0.72,0.77
0.407,4,0.251,-0.42,-0.02,0.87,153.01,45.95,-20.88,0.02,-0.01,0.02,3.94,-14.19,-3.36,31.59,-0.76,-0.27,0.66
0.41,0,-0.947,-0.14,-0.1,0.27,344.07,15.79,12.82,-0.11,-0.06,-0.04,4.09,-7.48,5.65,18.92,-0.35,0.19,0.86
0.412,5,-0.265,0.38,-0.19,-0.87,165.23,49.52,11.22,0.03,-0.04,-0,4.01,-3.2,9.16,9.77,-0.81,0.13,0.69
0.44,2,0.909,-0.31,-0.09,0.27,46.72,-0.27,-37.64,0.09,-0.2,-0.06,4.09,-10.68,0.46,16.94,0.18,-0.47,0.81
0.442,6,-0.597,0.08,-0.14,-0.79,120.74,16.73,7.8,0.03,-0.18,-0.3,3.96,-34.18,39.98,60.27,-0.09,0.01,0.73
0.445,1,-0.847,0.09,0.06,0.52,311.46,-11.41,-5.19,0.08,-0.08,-0.05,4.09,12.51,-24.87,54.47,0.14,0.02,0.96
0.449,3,-0.964,-0.14,0.05,0.22,348.08,-1.98,17.06,-0.06,0.04,-0.01,4.09,10.83,7.02,14.34,-0.01,0.22,0.96
0.511,7,0.337,0.12,0.24,0.9,152.21,-3.49,30.73,0.19,0.01,0.02,4.09,-23.96,-38.76,20.75,-0.08,0.43,0.94
0.512,4,0.221,-0.42,-0.03,0.88,157.4,46.5,-19.64,-0,0.01,0.03,3.94,-20.75,4.58,21.67,-0.77,-0.27,0.68
0.517,0,-0.95,-0.14,-0.11,0.26,345.84,16.38,12.77,-0.16,0.02,-0.06,4.09,-10.53,8.7,16.78,-0.39,0.1,0.86
0.518,5,-0.258,0.39,-0.19,-0.86,166.34,50.35,11.82,0.03,0.05,0.04,4.01,-8.54,14.5,5.34,-0.9,0.13,0.65
0.546,2,0.904,-0.31,-0.09,0.28,47.87,0.06,-38.03,0,-0.02,0.07,4.09,-8.09,8.7,17.7,0.02,-0.64,0.83
0.548,6,-0.543,0.09,-0.13,-0.82,128.46,17.08,7.51,0.23,-0.04,-0.11,3.96,-25.48,-14.19,76.45,-0.34,-0.11,0.87
0.552,1,-0.867,0.09,0.07,0.49,315.98,-11.84,-4.74,-0.02,0.14,-0.09,4.09,23.96,-16.17,43.64,0.29,-0.17,0.87
0.553,3,-0.97,-0.14,0.05,0.19,351.26,-2.31,17.06,-0.04,0.01,0.01,4.09,6.71,5.95,32.04,0.01,0.26,0.97
0.604,7,0.312,0.15,0.2,0.92,154.35,-8.36,27.92,0.1,0.02,-0.03,4.09,-28.08,-25.63,60.12,0.11,0.43,0.87
0.605,4,0.198,-0.42,-0.04,0.88,160,47.2,-19.94,0,-0.03,0.01,3.94,-25.48,-2.9,16.63,-0.76,-0.31,0.68
0.609,0,-0.954,-0.14,-0.12,0.24,347.86,16.87,12.21,-0.16,0.07,-0.04,4.09,-13.58,4.88,29.91,-0.38,0.06,0.9
0.61,5,-0.241,0.4,-0.19,-0.86,168.71,51.35,12.04,-0.02,-0.03,0.04,4.01,-19.99,12.36,15.11,-0.79,0.11,0.65
0.639,2,0.895,-0.32,-0.09,0.29,49.87,1.6,-39.15,-0.05,-0.05,-0.03,4.09,-13.89,-3.51,16.78,-0.04,-0.56,0.78
0.64,6,-0.456,0.09,-0.12,-0.88,140.11,16.08,7.56,0.08,0.09,0.07,3.96,-36.62,15.41,113.83,-0.38,0.11,0.97
0.645,7,0.266,0.17,0.16,0.94,159.47,-13.66,23.63,0.03,-0.24,-0.01,4.09,-39.52,-32.5,66.83,0.33,0.16,0.95
0.649,3,-0.978,-0.14,0.05,0.15,356.21,-3.17,16.62,-0.01,0.12,0.03,4.09,-2.44,18.77,83.31,0.14,0.18,1.02
0.714,0,-0.961,-0.13,-0.12,0.22,350.36,16.37,11.41,-0.08,0.15,0.03,4.09,-18.31,-3.2,37.23,-0.3,0.03,1
0.718,4,0.174,-0.42,-0.06,0.89,162.67,46.58,-21.23,0.02,0.02,0,3.94,-35.25,-19.99,13.28,-0.72,-0.32,0.66
0.722,2,0.888,-0.33,-0.1,0.31,51.85,1.76,-39.59,0.11,0.04,0.04,4.09,-3.81,-14.95,4.12,0.02,-0.74,0.73
0.724,5,-0.218,0.41,-0.17,-0.87,171.33,51.87,11.29,-0.1,0.02,0.11,4.01,-37.23,7.93,14.04,-0.87,0.27,0.75
0.749,1,-0.903,0.07,0.09,0.41,325.05,-12.92,-2.46,0.04,0.21,0.16,4.09,35.55,5.8,70.65,0.49,-0.13,1.03
0.751,6,-0.386,0.1,-0.1,-0.91,148.98,14.8,6.53,-0.85,0.44,0.57,3.96,-14.5,19.23,74.77,0.11,1.22,1.22
0.754,7,0.207,0.2,0.11,0.95,166.59,-19.21,17.32,0.22,0.22,0.06,4.09,-43.79,-10.53,92.32,0.06,0.42,1.01
0.756,3,-0.987,-0.13,0.05,0.08,4.06,-4.24,15.62,0.1,-0.02,0.22,4.09,-4.27,27.77,82.4,0.18,0.41,1.19
0.801,0,-0.969,-0.11,-0.11,0.19,353.12,14.68,10.38,-0.02,0.15,0.05,4.09,-24.72,-13.89,35.71,-0.23,0.03,1.02
0.803,4,0.152,-0.41,-0.08,0.89,165.11,45.36,-22.94,0,-0.06,-0.08,3.94,-25.33,-16.78,14.5,-0.63,-0.29,0.6
0.806,2,0.884,-0.32,-0.11,0.32,53.94,1.05,-39.5,0.19,0.08,0.04,4.09,13.89,-30.36,22.28,0.07,-0.81,0.68
0.808,5,-0.192,0.41,-0.15,-0.88,173.75,51.16,9.17,-0.02,-0.01,0.02,4.01,-34.33,-7.02,17.85,-0.76,0.1,0.62
0.836,1,-0.924,0.07,0.09,0.37,331.3,-12.67,-3.39,0.33,-0.3,0.15,4.09,-49.44,-6.41,20.14,0.22,0.38,1.1
0.838,6,-0.467,0.05,-0.09,-0.88,138.64,10.18,5.91,0.73,-1.08,0.05,3.96,-15.56,-74.46,39.22,0.09,-0.71,1.15
0.841,7,0.139,0.19,0.07,0.97,175.57,-20.32,11.9,0.81,0.32,0.02,4.09,15.41,58.59,45.62,-0.46,0.24,1.22
0.842,3,-0.991,-0.13,0.03,0.03,10.38,-2.95,14.99,-0.02,-0.11,-0.11,4.09,-7.93,28.69,55.85,0.01,0.32,0.9
0.896,0,-0.976,-0.09,-0.1,0.17,354.94,12.58,8.63,-0.07,-0.17,0.1,4.09,-14.5,-6.71,7.78,-0.35,0.28,0.95
0.898,4,0.131,-0.41,-0.1,0.9,167.75,44.94,-23.26,-0.01,-0.04,0.01,3.94,-19.99,-6.56,16.02,-0.7,-0.34,0.69
0.902,2,0.876,-0.31,-0.12,0.35,57.69,0.33,-38.45,0.09,-0.16,-0.02,4.09,22.13,-23.65,34.94,0.2,-0.55,0.77
0.904,5,-0.171,0.41,-0.13,-0.89,175.91,50.62,7.76,-0.02,0,0,4.01,-26.55,1.68,10.53,-0.77,0.11,0.62
0.931,1,-0.916,0.09,0.07,0.38,329.25,-11.44,-6.93,0.25,-0.31,0.03,4.09,-32.2,44.71,-41.35,0.18,0.25,1.04
0.933,6,-0.443,0,-0.06,-0.89,141.5,3.34,5.76,-0.13,-0.13,0.02,3.96,9.16,-71.87,3.36,0.09,0.12,1.01
0.937,7,0.091,0.1,0.09,0.99,182.44,-10.58,11.71,0.05,0.06,0.22,4.09,64.24,99.64,-2.9,0.13,0.22,1.13
0.938,3,-0.992,-0.12,0.01,-0.01,15.62,-1.06,13.98,-0.06,-0.03,-0.02,4.09,-9.61,23.35,22.43,-0.04,0.26,0.95
1.002,0,-0.978,-0.09,-0.09,0.17,355.64,12.22,8.2,-0.17,-0.09,-0.03,4.09,-5.65,7.32,3.66,-0.39,0.17,0.88
1.004,4,0.111,-0.41,-0.11,0.9,169.81,45.39,-24.13,-0.06,-0.03,0.05,3.94,-21.51,4.58,21.97,-0.7,-0.27,0.7
1.007,2,0.871,-0.29,-0.13,0.38,61.05,-0.34,-36.48,0.04,-0.1,-0.03,4.09,11.29,-15.72,12.05,0.09,-0.56,0.8
1.009,5,-0.154,0.42,-0.11,-0.89,177.24,50.87,6.12,0.02,-0.03,0.09,4.01,-22.43,7.48,11.29,-0.81,0.04,0.64
1.037,1,-0.9,0.1,0.05,0.42,324.91,-10.5,-8.47,0.13,-0.24,-0.01,4.09,-21.51,-5.49,-72.17,0.08,0.11,1.02
1.039,6,-0.463,-0.06,-0.04,-0.88,138.47,-3.45,7.33,0.06,0.03,0.06,3.96,19.68,-76.6,-57.22,-0.01,0.13,1.04
1.043,7,0.088,0.03,0.18,0.98,183.48,-1.41,20.61,0.02,-0.1,0.28,4.09,105.59,130,-41.35,0.09,0.32,1.13
1.044,3,-0.992,-0.12,-0.01,-0.04,18.23,0.33,13.65,-0.03,-0.07,-0,4.09,-5.95,12.66,12.97,-0.02,0.3,0.95
1.113,0,-0.978,-0.09,-0.1,0.16,356.54,13.36,8.56,-0.16,-0.04,-0.05,4.09,-1.68,8.24,9,-0.37,0.12,0.88
1.115,4,0.09,-0.42,-0.12,0.9,171.58,46.81,-25.16,0,-0.02,0.07,3.94,-23.35,13.43,14.19,-0.73,-0.33,0.6
1.12,2,0.864,-0.28,-0.13,0.4,63.77,-0.24,-35.52,0,-0.16,-0.12,4.09,5.19,-9.92,16.48,0.12,-0.43,0.76
1.121,5,-0.139,0.43,-0.1,-0.89,179.03,51.77,5.71,0.1,-0.1,-0.01,4.01,-13.89,16.17,10.38,-0.89,-0.01,0.57
1.148,1,-0.881,0.12,0.06,0.45,320.54,-12.02,-9.11,0.04,-0.13,0.01,4.09,-10.38,-11.14,-42.72,0.11,-0.08,1.02
1.15,6,-0.512,-0.12,-0.03,-0.85,131.15,-9.57,10.04,0.11,-0.01,0.02,3.96,11.14,-56.46,-46.23,0.13,0.08,1.02
1.154,7,0.11,-0.07,0.27,0.95,183.83,10.72,30.86,-0.33,-0.47,-0.12,4.09,101.62,98.57,-58.14,0.25,0.17,0.96
1.156,3,-0.991,-0.12,-0.01,-0.06,21.36,0.52,13.88,0.01,-0.03,0,4.09,7.93,6.71,46.08,-0.02,0.27,0.97
1.22,0,-0.978,-0.1,-0.11,0.15,358.03,14.25,9.19,-0.12,-0.07,-0.06,4.09,3.36,7.32,9.92,-0.36,0.18,0.87
1.222,4,0.073,-0.43,-0.13,0.89,172.54,48.6,-26.56,0.02,-0.03,-0.01,3.94,-22.74,14.95,12.21,-0.8,-0.36,0.55
1.226,2,0.862,-0.27,-0.13,0.41,64.82,-0.54,-35.02,0.03,-0.06,-0.04,4.09,-4.27,-1.83,8.7,0.09,-0.54,0.8
1.227,5,-0.13,0.44,-0.1,-0.88,180.3,53.18,5.84,0.04,0.03,-0.02,4.01,-7.02,17.24,9,-0.83,0.09,0.56
1.256,1,-0.871,0.12,0.06,0.47,318.31,-12.66,-9.36,0.14,-0.03,-0.01,4.09,-16.33,1.22,-26.7,0.29,-0.03,0.95
1.257,6,-0.542,-0.16,-0.02,-0.83,125.95,-13.73,12.49,0.21,0.17,0.05,3.96,12.66,-49.59,-36.93,0,0.11,1.08
1.261,7,0.138,-0.12,0.34,0.92,183.68,18.71,38.55,-0.17,-0.08,-0.67,4.09,40.89,-9.46,-41.5,0.05,0.21,0.33
1.262,3,-0.985,-0.13,-0.02,-0.11,26.87,0.21,15.28,-0.07,0.08,-0.03,4.09,5.34,16.94,76.6,-0.06,0.17,0.97
1.317,0,-0.977,-0.1,-0.12,0.15,358.38,14.84,9.97,-0.09,-0.02,-0.04,4.09,3.36,2.29,-8.85,-0.33,0.16,0.89
1.319,4,0.055,-0.44,-0.15,0.88,173.45,49.84,-28.43,0.05,-0.05,-0.04,3.94,-20.9,-9.46,5.49,-0.72,-0.38,0.49
1.322,2,0.858,-0.27,-0.14,0.41,65.86,-0.74,-35.28,0.07,-0.04,-0.01,4.09,-7.02,-5.34,8.85,0.09,-0.59,0.79
1.324,5,-0.119,0.45,-0.09,-0.88,181.62,54.94,5.78,0.02,-0.03,0.07,4.01,-9.92,18.77,13.28,-0.87,0.03,0.58
1.352,1,-0.862,0.14,0.05,0.49,316.57,-13.16,-11.09,0.27,0.11,0,4.09,-20.75,-11.9,-16.02,0.48,0.01,0.96
1.353,6,-0.555,-0.19,-0.02,-0.81,123.03,-16.17,15.04,0.38,0.37,0.06,3.96,21.36,-16.17,5.65,-0.19,0.1,1.19
1.357,7,0.175,-0.1,0.36,0.91,179.14,18.34,40.8,0.38,-0.06,0.23,4.09,10.22,-33.72,-47,-0.7,0.54,0.92
1.358,3,-0.976,-0.13,-0.02,-0.18,34.42,-0.15,15.11,0.02,0.02,0,4.09,-11.6,30.21,79.35,-0.02,0.26,1.03
1.419,0,-0.976,-0.1,-0.11,0.16,357.24,14.32,9.87,-0.06,0.12,0.04,4.09,-6.87,-14.19,3.97,-0.29,0.03,1.03
1.42,4,0.056,-0.43,-0.16,0.89,173.37,47.77,-29.79,0.11,0.03,0.04,3.94,-16.78,-25.33,-12.05,-0.83,-0.33,0.54
1.424,2,0.852,-0.27,-0.14,0.42,67,-0.65,-35.89,0.24,-0,0.11,4.09,0.15,-9,14.04,0.16,-0.83,0.75
1.425,5,-0.091,0.46,-0.09,-0.88,186.56,55.85,8.1,0.12,-0.08,0.06,4.01,-31.89,2.59,43.95,-0.93,0,0.53
1.454,1,-0.858,0.15,0.05,0.49,316.2,-13.42,-12.09,0.03,0.06,0.07,4.09,-11.29,5.8,5.34,0.27,-0.21,1
1.456,6,-0.554,-0.17,-0.07,-0.81,123.79,-11.07,17.49,0.28,-0.03,0.16,3.96,25.48,145.57,0.46,0.28,-0.01,1.19
1.459,7,0.182,-0.09,0.36,0.91,177.72,17.1,40.11,-0.46,-0.69,-0.42,4.09,-16.48,-32.96,93.84,0.22,0.21,0.92
1.461,3,-0.971,-0.11,-0.04,-0.21,38.5,2.32,12.92,-0.08,-0.17,-0.03,4.09,-22.89,35.71,-28.99,-0.03,0.4,0.84
1.522,0,-0.983,-0.09,-0.09,0.13,359.68,11.78,9.15,-0.14,0.08,0.37,4.09,-24.57,-22.74,59.05,-0.4,0.1,1.33
1.524,4,0.048,-0.41,-0.18,0.89,174.92,45.28,-30.54,-0.05,-0.06,-0.01,3.94,-11.75,-17.85,2.75,-0.65,-0.39,0.62
1.527,2,0.848,-0.27,-0.15,0.43,68.49,-0.76,-35.49,0.15,-0.09,0.13,4.09,12.21,-17.24,9.46,0.16,-0.71,0.88
1.529,5,-0.055,0.46,-0.09,-0.88,192.29,54.85,10.34,-0.01,0.02,0.03,4.01,-21.51,-5.19,16.78,-0.78,0.09,0.54
1.56,1,-0.882,0.13,0.06,0.45,321.29,-12.45,-10.66,-0.17,-0.25,-0.02,4.09,53.86,9.77,116.58,-0.09,-0.19,1.01
1.561,6,-0.508,-0.08,-0.12,-0.85,132.2,-0.79,16.74,-0.01,-0.49,0.09,3.96,-42.88,122.83,135.04,0.44,0.15,1.07
1.566,7,0.093,-0.06,0.33,0.94,186.41,10.46,38.66,-0.68,0.43,-0.54,4.09,-75.68,-99.03,144.04,0.49,1.34,0.51
1.568,3,-0.981,-0.09,-0.06,-0.16,33.46,5.48,11.38,-0.08,-0.09,-0.14,4.09,8.09,2.59,-78.28,-0.13,0.27,0.81
1.597,0,-0.989,-0.08,-0.09,0.08,5.52,11.02,8.56,-0.19,-0.15,0,4.09,-9,14.34,57.22,-0.41,0.26,0.92
1.598,4,0.039,-0.4,-0.18,0.9,176.31,44.4,-30.56,0.02,-0.08,0,3.94,-6.41,-14.19,14.34,-0.73,-0.44,0.59
1.635,1,-0.928,0.11,0.05,0.35,332.99,-9.63,-9.53,0.07,-0.03,-0.06,4.09,23.19,-3.66,128.63,0.16,-0.07,0.92
1.637,5,-0.045,0.45,-0.08,-0.89,193.02,54.09,9.45,-0.02,0.02,-0.09,4.01,-10.07,0,5.19,-0.74,0.15,0.55
1.64,7,0.043,0.01,0.32,0.95,189.16,0.93,37.33,-0.01,-0.37,-0.22,4.09,-30.36,-21.82,101.17,0.1,0.32,0.81
1.642,6,-0.374,0.01,-0.12,-0.92,150.45,6.14,12.32,-0.21,-0.4,-0.2,3.96,-52.49,96.74,132.45,0.32,0.09,0.88
1.645,0,-0.991,-0.08,-0.1,0.04,10.6,11.45,8.99,-0.19,-0.02,-0.11,4.09,-16.17,13.43,48.37,-0.37,0.15,0.83
1.647,3,-0.988,-0.1,-0.05,-0.1,26.52,4.52,12.42,-0.07,0.08,-0.11,4.09,19.23,-23.5,-46.54,-0.14,0.1,0.87
1.72,2,0.84,-0.23,-0.14,0.47,72.7,-0.72,-31.49,0.02,-0.09,-0.03,4.09,17.85,-8.09,-0.76,0.11,-0.51,0.84
1.722,4,0.025,-0.39,-0.19,0.9,178.24,44.14,-30.5,-0.03,0.01,0.04,3.94,-15.41,0,9,-0.7,-0.41,0.67
1.726,1,-0.958,0.1,0.05,0.27,343.75,-8.45,-9.64,0.04,-0.12,-0.03,4.09,27.31,-9.61,111.39,0.13,-0.04,0.98
1.728,5,-0.042,0.46,-0.06,-0.89,192.28,54.77,7.14,0.12,-0.26,0.04,4.01,-8.54,11.14,-1.07,-0.83,-0.05,0.58
1.755,7,-0.033,0.05,0.29,0.95,195.85,-7.01,34.05,0.02,-0.12,0.04,4.09,-30.21,-19.23,71.11,0.06,0.37,0.91
1.757,6,-0.28,0.07,-0.09,-0.95,162.11,11.18,8.02,-0.2,-0.17,-0.12,3.96,-66.38,55.24,105.29,0.06,0.09,0.93
1.762,0,-0.991,-0.07,-0.11,0,14.97,12.36,8.58,-0.18,0.03,-0.02,4.09,-21.51,18.46,46.84,-0.37,0.09,0.91
1.764,3,-0.989,-0.12,-0.03,-0.08,23.4,2.64,13.75,-0.05,0.04,-0.05,4.09,24.26,-33.11,-5.04,-0.08,0.22,0.93
1.846,1,-0.976,0.09,0.05,0.19,352.41,-7.45,-8.75,0.12,-0.02,-0.05,4.09,28.99,-8.54,96.13,0.21,-0.09,0.94
1.848,4,0.013,-0.39,-0.21,0.9,178.91,44.31,-32.51,-0.03,-0.04,-0.02,3.94,-22.13,-2.9,10.83,-0.71,-0.4,0.62
1.854,0,-0.99,-0.06,-0.12,-0.04,19.12,13.78,7.28,-0.16,0.04,-0.04,4.09,-27.31,15.11,41.2,-0.37,0.08,0.89
1.856,5,-0.037,0.47,-0.05,-0.88,191.93,56.12,5.09,0.04,-0.04,0.09,4.01,-23.96,9.61,2.59,-0.79,-0.03,0.48
1.862,7,-0.08,0.09,0.27,0.96,200.28,-12.3,30.31,0.06,-0.08,-0.04,4.09,-28.84,-20.29,67.44,0.15,0.42,0.85
1.864,6,-0.176,0.12,-0.06,-0.98,174.25,14.72,4.88,-0.07,0.06,-0.14,3.96,-49.9,31.13,108.8,-0.18,0.13,0.85
1.874,1,-0.988,0.08,0.05,0.13,359.85,-6.73,-7.86,0.25,-0.11,-0.1,4.09,24.87,-0.76,78.58,0.36,0.06,0.86
1.876,3,-0.988,-0.14,-0.01,-0.06,21.56,0.25,16.14,-0.03,0.04,-0.02,4.09,29.75,-33.57,10.83,-0.02,0.25,0.95
1.912,7,-0.149,0.13,0.23,0.95,207.68,-18.45,25.33,0.03,-0.08,0.01,4.09,-28.69,-33.11,117.19,0.28,0.32,0.91
1.914,4,0.001,-0.39,-0.23,0.89,179.04,44.33,-35.65,0.04,0.01,0,3.94,-38.45,2.14,3.51,-0.73,-0.37,0.58
1.92,0,-0.989,-0.04,-0.13,-0.07,22.96,14.27,5.58,-0.11,0.05,-0.04,4.09,-23.65,-0.61,41.05,-0.34,0.05,0.9
1.921,5,-0.028,0.47,-0.03,-0.88,191.77,56.62,2.42,0.03,-0.04,0.07,4.01,-30.36,4.58,0,-0.88,-0.06,0.55
1.948,2,0.794,-0.21,-0.13,0.55,83.48,1.33,-29.11,-0.01,-0.05,-0.07,4.09,-1.53,-17.55,29.75,0.02,-0.4,0.82
1.95,6,-0.117,0.13,-0.03,-0.98,180.67,15.3,1.7,0.13,-0.15,-0.22,3.96,-40.74,-17.4,36.16,-0.29,-0.2,0.75
1.991,1,-0.995,0.06,0.05,0.06,7.87,-6.31,-6.36,0.32,-0.02,-0.15,4.09,36.62,-12.05,81.33,0.4,-0.03,0.81
1.992,3,-0.983,-0.16,0.02,-0.08,22.94,-3.28,18.34,-0.04,-0.02,0.03,4.09,41.05,-33.42,6.56,0.04,0.33,0.97
2.025,7,-0.246,0.17,0.2,0.93,219.44,-25,18.62,0.53,-0.1,-0.03,4.09,-5.49,-5.95,127.56,-0.1,0.5,1
2.026,4,-0.016,-0.39,-0.27,0.88,179.4,43.99,-39.89,-0.12,-0.03,0.02,3.94,-52.49,-5.95,-2.44,-0.63,-0.52,0.62
2.031,0,-0.987,-0.03,-0.12,-0.11,27.22,12.81,4.79,-0.06,0.06,-0.06,4.09,-12.82,-21.82,56,-0.27,0.03,0.91
2.033,5,-0.02,0.47,-0.01,-0.88,191.03,56.26,-0.89,-0.01,-0.06,-0.05,4.01,-41.35,-13.89,1.07,-0.8,-0.02,0.55
2.046,2,0.785,-0.2,-0.15,0.57,85.6,0.12,-29.04,-0,0,-0,4.09,-0.92,-26.4,10.07,-0.01,-0.47,0.87
2.048,6,-0.085,0.12,0.01,-0.99,183.95,13.13,-2.16,0.42,0.17,1.74,3.96,-19.23,50.66,236.82,-0.16,0.61,2.05
2.062,1,-0.997,0.04,0.06,-0,14.45,-6.96,-4.42,0.01,-0.36,0.3,4.09,-3.97,-19.99,45.78,0.15,0.22,1.23
2.063,3,-0.975,-0.2,0.05,-0.09,23.38,-7.46,22.32,0.15,0.06,0.27,4.09,13.73,-40.13,11.6,0.38,0.41,1.17
2.122,7,-0.322,0.17,0.18,0.91,229.65,-25.14,14.4,1.07,-0.65,0.18,4.09,17.7,130.16,-23.35,-0.66,0.39,1.43
2.124,4,-0.027,-0.38,-0.3,0.88,179.97,42.31,-43.63,-0.05,-0.07,0.06,3.94,-26.09,-35.71,-1.53,-0.66,-0.63,0.56
2.13,0,-0.984,-0.03,-0.09,-0.15,31.74,9.68,4.83,-0.13,-0.1,0.26,4.09,-0.31,-12.05,61.95,-0.28,0.25,1.19
2.131,5,-0.007,0.44,0.03,-0.9,190.57,52.76,-5.32,0.04,-0.06,0.01,4.01,-33.57,-48.07,-10.99,-0.79,-0.15,0.57
2.139,2,0.79,-0.18,-0.16,0.56,85.83,-2.81,-27.68,0.3,-0.09,0.2,4.09,25.02,-20.6,-14.65,0.24,-0.79,0.89
2.141,6,-0.081,0.08,0,-0.99,184.72,9.14,-0.85,-0.08,-1.41,0.58,3.96,-12.51,-48.52,15.87,-0.25,-0.72,1.33
2.176,1,-0.997,0.06,0.05,0.01,12.68,-5.76,-6.6,0.32,-0.5,0,4.09,-22.13,33.72,-80.26,0.48,0.35,1
2.177,3,-0.971,-0.21,0.07,-0.09,22.43,-9.52,24.06,-0.04,-0.29,-0.12,4.09,51.73,-30.06,-34.64,0.15,0.6,0.67
2.253,7,-0.366,0.04,0.15,0.92,236.2,-10.43,14.13,-0.67,0.38,0.48,4.09,67.6,91.71,64.24,0.8,0.27,1.29
2.254,4,-0.034,-0.35,-0.32,0.88,181.6,40.09,-44.24,-0.09,0.01,0.1,3.94,-10.22,-20.45,-10.68,-0.58,-0.6,0.63
2.259,0,-0.98,-0.03,-0.09,-0.18,34.88,9.01,5.34,-0.28,-0.2,0.07,4.09,1.53,23.04,13.89,-0.36,0.37,0.98
2.261,5,-0.009,0.41,0.05,-0.91,188.92,48.19,-8.96,-0.05,-0.08,0.09,4.01,-17.7,-39.37,-17.85,-0.77,-0.18,0.73
2.265,2,0.778,-0.16,-0.16,0.59,88.9,-3.19,-25.42,-0.17,-0.08,-0.08,4.09,26.4,-16.33,24.57,0.06,-0.29,0.94
2.267,6,-0.065,0.04,-0,-1,186.6,4.44,0.25,-0.13,-0.08,-0.01,3.96,22.28,-70.04,-3.51,0.06,-0.05,1
2.303,1,-0.995,0.06,0.05,0.06,7.63,-6.04,-6.59,0.07,-0.11,-0.04,4.09,3.66,12.66,-52.8,0.24,0.02,0.89
2.304,3,-0.966,-0.24,0.07,-0.06,18.48,-8.82,27.86,-0.11,-0.04,-0.11,4.09,4.58,-9.77,-2.59,0.01,0.47,0.77
2.312,7,-0.326,-0.08,0.17,0.93,233.1,1.64,21.9,-0.33,-0.41,0.04,4.09,48.68,111.24,-110.63,0.08,-0.17,1
2.314,4,-0.04,-0.34,-0.33,0.88,182.98,38.18,-44.78,-0.11,-0.01,0.03,3.94,-14.8,-16.17,-3.51,-0.54,-0.58,0.61
2.318,0,-0.978,-0.04,-0.1,-0.18,35.4,10.74,6.59,-0.17,0.03,-0.08,4.09,1.37,11.44,7.93,-0.33,0.16,0.85
2.32,5,-0.01,0.38,0.07,-0.92,187.94,44.63,-11.76,-0.05,-0.09,-0,4.01,-15.41,-23.19,-14.19,-0.68,-0.19,0.75
2.348,2,0.763,-0.14,-0.15,0.61,92.28,-3.46,-23.54,-0.03,-0.08,-0.05,4.09,15.41,-6.87,21.06,0.13,-0.35,0.87
2.349,6,-0.06,-0.01,-0.02,-1,187.18,-1.17,2.31,0.07,-0.04,0,3.96,25.63,-56.76,5.19,-0.05,-0.02,1.02
2.388,1,-0.993,0.06,0.06,0.09,4.59,-7.44,-5.95,0.03,-0.16,-0.02,4.09,13.89,-14.04,-28.08,0.14,0.04,0.96
2.389,3,-0.963,-0.25,0.07,-0.05,17.62,-9.67,29.12,-0.14,-0.05,-0.12,4.09,14.95,-0.46,11.14,0,0.49,0.76
2.421,7,-0.283,-0.17,0.15,0.93,230.5,13.22,22.93,-0.33,-0.03,-0.25,4.09,-8.09,98.88,-41.96,0.06,0.12,0.77
2.422,4,-0.045,-0.33,-0.34,0.88,183.38,37.33,-46.49,-0.01,0.06,0.01,3.94,-25.18,7.02,-3.36,-0.62,-0.56,0.59
2.426,0,-0.977,-0.04,-0.11,-0.18,35.8,11.39,6.62,-0.17,-0.02,-0.07,4.09,-4.58,10.38,4.88,-0.34,0.21,0.88
2.428,5,-0.014,0.37,0.09,-0.92,186.86,43.14,-13.82,0.01,0.02,0.04,4.01,-5.04,8.85,-11.29,-0.72,-0.12,0.7
2.46,2,0.757,-0.13,-0.15,0.62,93.76,-3.89,-22.07,-0.02,-0.02,-0.11,4.09,17.7,0.31,-1.53,0.08,-0.31,0.85
2.462,6,-0.082,-0.05,-0.04,-0.99,184.4,-5.2,5.21,-0.05,-0.04,-0.02,3.96,31.43,-48.83,-46.54,0.16,0.05,0.98
2.478,1,-0.992,0.05,0.07,0.1,3.43,-8.24,-4.72,0.16,-0.24,-0.06,4.09,5.95,-0.92,-15.87,0.28,0.22,0.92
2.48,3,-0.959,-0.26,0.07,-0.07,19.7,-10.1,30.31,-0.07,-0.09,-0.04,4.09,11.14,14.34,25.02,0.13,0.57,0.8
2.542,7,-0.256,-0.21,0.13,0.93,228.48,19.52,21.85,-0.09,0.01,-0.44,4.09,-23.19,1.53,-64.09,-0.13,0.2,0.53
2.544,4,-0.045,-0.34,-0.37,0.87,181.67,38.02,-50.24,-0.09,-0.02,-0.08,3.94,-21.97,18.92,-5.65,-0.51,-0.63,0.49
2.548,0,-0.976,-0.04,-0.12,-0.18,35.59,12.33,7.3,-0.22,-0.04,-0.04,4.09,0.31,7.48,-0.61,-0.4,0.23,0.89
2.549,5,-0.02,0.38,0.09,-0.92,185.44,43.94,-15.08,0.03,-0.02,0.01,4.01,-0.92,18.77,-8.54,-0.71,-0.19,0.62
2.553,2,0.768,-0.11,-0.14,0.62,92.21,-4.24,-20.05,0.01,-0.11,-0.02,4.09,15.41,11.44,-18.92,0.17,-0.31,0.92
2.555,6,-0.094,-0.09,-0.07,-0.99,182.39,-9.81,8.67,0.07,-0.15,0.08,3.96,40.59,-47.15,-3.36,0.17,0.05,1.07
2.586,1,-0.991,0.05,0.07,0.1,2.54,-8.29,-4.43,0.15,-0.24,0.03,4.09,-16.94,5.95,-24.72,0.25,0.18,1.02
2.588,3,-0.956,-0.27,0.07,-0.09,21.64,-10.24,31.18,-0.07,-0.06,-0.03,4.09,-7.93,16.33,40.28,0.17,0.58,0.77
2.623,7,-0.169,-0.19,0.1,0.96,216.86,19.4,16.32,0.22,-0.28,0.18,4.09,10.99,-57.22,-59.36,-0.75,0.09,1.08
2.625,4,-0.041,-0.35,-0.37,0.86,179.65,39.59,-52.06,0.02,-0.01,0.11,3.94,6.41,18.92,2.9,-0.71,-0.65,0.47
2.628,0,-0.977,-0.05,-0.12,-0.17,34.46,12.43,8.59,-0.18,-0.11,0.04,4.09,7.02,-11.75,-11.44,-0.34,0.31,0.95
2.63,5,-0.029,0.39,0.09,-0.92,184.02,44.93,-15.28,0.11,-0,-0.03,4.01,21.97,10.22,-13.58,-0.77,-0.17,0.62
2.659,2,0.785,-0.1,-0.13,0.6,89.42,-4.91,-18.19,0.01,-0.14,0.05,4.09,13.89,0.31,-45.17,0.23,-0.3,0.98
2.66,6,-0.103,-0.14,-0.1,-0.98,180.31,-14.46,13.43,0.25,-0.18,0.07,3.96,46.54,-51.42,-15.41,0.04,0.02,1.14
2.681,1,-0.99,0.05,0.07,0.11,1.77,-8.17,-5.25,0.13,-0.21,0.05,4.09,-20.14,-4.58,-18.46,0.19,0.13,1.11
2.683,3,-0.953,-0.27,0.07,-0.11,23.56,-11.33,31.12,-0.06,-0.11,0.07,4.09,-2.14,8.39,10.53,0.16,0.65,0.85
2.722,7,-0.142,-0.17,0.12,0.97,213.41,17.58,17.01,0.18,-0.28,0.17,4.09,38.15,-86.52,12.51,-0.96,0.26,1.27
2.724,4,-0.032,-0.37,-0.35,0.86,178.43,41.09,-50.01,0.01,0.09,0.1,3.94,46.08,7.93,7.78,-0.77,-0.59,0.59
2.729,0,-0.98,-0.06,-0.1,-0.16,32.91,10.71,9.15,-0.17,0.1,0.3,4.09,3.36,-8.7,1.22,-0.44,0.15,1.21
2.73,5,-0.044,0.39,0.07,-0.92,183.12,45.5,-12.86,0,0.03,0.05,4.01,36.62,5.49,1.83,-0.81,-0.12,0.77
2.757,2,0.813,-0.09,-0.13,0.56,84.09,-5.92,-17.01,0.08,-0.16,0.12,4.09,3.51,10.99,-62.1,0.27,-0.35,1.05
2.759,6,-0.104,-0.14,-0.12,-0.98,179.79,-14.51,16.29,0.8,0.17,0.04,3.96,12.82,89.11,-11.9,-0.51,0.31,1.16
2.769,1,-0.99,0.05,0.07,0.11,1.87,-8.6,-4.63,-0.2,0.07,0.01,4.09,25.63,-12.21,43.49,-0.06,-0.24,1.04
2.771,3,-0.957,-0.27,0.06,-0.1,23,-9.3,30.71,-0.05,-0.03,-0.03,4.09,-7.02,21.97,-20.29,0.12,0.54,0.81
2.82,7,-0.198,-0.15,0.14,0.96,219.59,12.95,19.44,-0.16,0.23,-0.1,4.09,-3.97,-149.99,131.53,0.04,0.94,1.35
2.822,4,-0.012,-0.38,-0.31,0.87,177.2,41.95,-45.96,-0.04,0.04,-0.06,3.94,39.52,10.99,-5.49,-0.66,-0.51,0.55
2.825,0,-0.982,-0.06,-0.1,-0.14,31.61,10.05,9.05,-0.23,0.15,-0.04,4.09,0.76,-0.15,-8.39,-0.39,0.07,0.93
2.827,5,-0.065,0.4,0.02,-0.91,182.25,47.28,-8.26,-0.26,0.12,0.22,4.01,60.73,65.61,8.39,-0.9,-0.16,1
2.855,2,0.837,-0.09,-0.12,0.53,79.28,-5.87,-15.77,0.07,0.17,-0.02,4.09,3.97,-1.68,-34.33,-0.03,-0.41,0.88
2.857,6,-0.132,-0.05,-0.14,-0.98,178.28,-3.35,16.26,-0.11,-0.21,0.2,3.96,-56.92,77.67,0.31,0.23,0.15,1.2
2.894,1,-0.995,0.03,0.07,0.06,7.17,-7.7,-3.21,0.03,-0.05,0.05,4.09,22.58,19.84,79.96,0.17,0.02,1.04
2.896,3,-0.952,-0.29,0.02,-0.09,23.02,-5.61,33.63,-0.26,0.32,-0.11,4.09,9.31,65.92,40.28,-0.23,0.28,0.89
2.927,7,-0.234,-0.08,0.16,0.96,222.44,4.78,20.42,0.05,0.24,-0.04,4.09,-9.92,-74.01,46.39,-0.04,0.58,0.83
2.928,4,0.003,-0.39,-0.29,0.88,176.18,42.51,-43.22,0.03,0.06,-0.09,3.94,18.46,0.61,1.83,-0.71,-0.46,0.56
2.932,0,-0.985,-0.06,-0.1,-0.13,29.65,10.37,8.74,-0.18,0.26,-0.06,4.09,-1.37,5.04,-12.05,-0.42,-0.05,0.9
2.934,5,0.025,0.47,-0.01,-0.88,199.39,56.13,3.98,0.06,-0.67,-0.62,4.01,-173.49,58.59,321.66,-0.54,-0.53,0.2
2.946,2,0.846,-0.08,-0.11,0.51,77.47,-5.96,-14.98,0.07,0.14,-0.07,4.09,3.2,8.7,-1.98,0,-0.32,0.85
2.947,6,-0.104,0.02,-0.08,-0.99,182.29,3.35,8.49,-0.1,-0.01,0.01,3.96,-88.5,90.79,37.99,0.04,0.19,0.99
2.986,1,-0.998,0.02,0.05,0.02,11.9,-6.08,-2.6,0.04,-0,-0.16,4.09,10.38,-2.75,34.64,0.09,-0.06,0.8
2.99,3,-0.962,-0.25,0.02,-0.1,24.49,-4.68,29.12,0.37,0.17,-0.26,4.09,-78.43,-41.81,-2.75,0.3,0.21,0.73
3.019,7,-0.239,-0.02,0.16,0.96,221.72,-2.38,18.64,0.02,-0.06,-0,4.09,-26.55,-75.23,25.63,-0.05,0.29,0.98
3.021,4,0.005,-0.39,-0.27,0.88,176.68,43.13,-40.71,-0.05,0.12,0.04,3.94,4.73,1.83,9.92,-0.62,-0.37,0.57
3.025,0,-0.986,-0.05,-0.1,-0.12,28.41,11.09,7.38,-0.21,0.09,-0.12,4.09,-8.24,0.61,-8.39,-0.38,0.09,0.82
3.026,5,0.371,0.46,-0.01,-0.81,257.62,47.25,31.85,0.36,0.49,0.07,4.01,-108.95,-14.65,288.7,-0.68,1.21,0.65
3.064,2,0.848,-0.09,-0.11,0.51,76.81,-5.25,-15.62,-0,0.13,-0.04,4.09,-16.48,0.31,16.94,-0.02,-0.3,0.89
3.066,6,-0.092,0.09,-0.01,-0.99,183.48,10.81,0.68,-0.27,0.12,-0.1,3.96,-79.19,63.02,-33.11,0.08,0.15,0.94
3.085,1,-0.998,0.01,0.06,-0.02,16.03,-6.29,-1.71,0.02,-0.09,-0.03,4.09,17.85,12.05,40.28,0.18,0.06,0.95
3.086,3,-0.969,-0.21,0.07,-0.1,23.87,-10.66,23.99,-0.25,-0.08,0.24,4.09,-1.53,-57.22,-19.53,-0.05,0.64,1.1
3.164,0,-0.988,-0.04,-0.11,-0.1,26.57,11.6,5.56,-0.12,0.16,-0.02,4.09,-5.95,8.39,-15.72,-0.33,-0.05,0.94
3.166,4,-0.002,-0.4,-0.26,0.88,177.7,44.32,-39.44,0.01,0.15,0.04,3.94,-1.07,12.36,10.22,-0.76,-0.34,0.62
3.17,7,-0.271,0.03,0.15,0.95,224.74,-8.29,15.51,-0.03,-0.02,-0.01,4.09,-22.58,-42.57,73.55,0.16,0.22,0.97
3.171,5,0.47,0.43,-0.08,-0.77,270.22,35.14,40.39,-0.61,-0.14,-0.22,4.01,29.75,-45.32,196.08,-0.51,-0.09,0.96
3.175,2,0.835,-0.13,-0.11,0.52,78.77,-2.89,-18.92,0.01,0.08,-0.07,4.09,-25.79,14.8,27.01,-0.02,-0.33,0.86
3.176,6,-0.098,0.14,0.04,-0.98,181.8,15.18,-6.62,-0.16,0.11,-0.18,3.96,-52.34,25.94,43.79,-0.12,0.05,0.82
3.201,1,-0.997,0,0.06,-0.05,19.39,-6.43,-0.75,0.14,-0.09,-0.01,4.09,16.33,0.46,22.89,0.27,0.06,0.96
3.202,3,-0.968,-0.24,0.07,-0.03,15.87,-9.3,27.54,0.01,0.33,-0,4.09,-3.36,0.46,-118.56,0.07,-0.06,1.09
3.223,7,-0.316,0.08,0.14,0.94,229.89,-13.34,12.48,0.06,-0.06,-0.03,4.09,-22.43,-33.42,53.41,0.18,0.15,0.92
3.225,4,-0.006,-0.41,-0.25,0.88,177.56,45.86,-39.39,-0.07,0.05,0.04,3.94,-4.73,3.36,5.8,-0.69,-0.43,0.59
3.228,0,-0.989,-0.02,-0.11,-0.09,25.4,12.87,3.95,-0.15,0.15,-0.02,4.09,-1.07,7.93,-1.83,-0.39,-0.06,0.92
3.23,5,0.556,0.43,-0.15,-0.69,283.5,25.44,50.03,0.38,0.2,0.25,4.01,20.75,-1.83,-16.94,-0.38,1.04,0.51
3.25,2,0.838,-0.15,-0.11,0.52,77.52,-1.6,-20.71,0.18,0.09,0.01,4.09,-14.65,12.66,-10.68,0.03,-0.54,0.88
3.251,6,-0.074,0.15,0.07,-0.98,184.07,16.2,-9.95,0.04,-0.08,-0.15,3.96,-34.03,-33.57,-39.83,-0.29,-0.31,0.83
3.3,1,-0.997,-0.01,0.05,-0.06,21.1,-5.92,0.48,0.28,-0.14,0.02,4.09,20.75,11.9,4.88,0.42,0.09,0.99
3.302,3,-0.974,-0.2,0.08,-0.06,19.13,-10.9,23.1,0.06,-0.25,0.35,4.09,-10.22,-20.75,43.64,0.32,0.72,1.12
3.334,7,-0.358,0.12,0.12,0.92,235.36,-18.22,8.33,0.09,-0.11,0.11,4.09,-29.45,-55.85,62.41,0.13,0.21,1.09
3.336,4,-0.008,-0.41,-0.25,0.88,177.66,46.73,-39.02,0.03,0.09,-0.09,3.94,7.78,9.77,-2.44,-0.72,-0.3,0.44
3.341,0,-0.989,-0.02,-0.12,-0.09,25.1,13.02,3.46,-0.08,0.06,0.06,4.09,3.97,-9.77,-4.43,-0.33,0.02,1.02
3.342,5,0.521,0.44,-0.14,-0.72,279.39,28.63,49.28,0.03,0.08,0.03,4.01,4.58,-5.34,-34.79,-0.44,0.73,0.57
3.354,2,0.84,-0.17,-0.1,0.51,76.19,-0.21,-22.99,0.07,0.07,-0.02,4.09,-14.65,7.02,-4.27,-0.02,-0.46,0.87
3.355,6,-0.062,0.13,0.1,-0.99,185.38,13.59,-12.15,-0.23,0.01,-0.32,3.96,1.53,-61.34,10.38,0.1,0.04,0.79
3.393,1,-0.996,-0.02,0.04,-0.07,22.1,-5.26,1.66,0.05,-0.02,0.02,4.09,14.34,14.19,-8.85,0.07,0.08,1.08
3.394,3,-0.974,-0.21,0.07,-0.04,17.04,-8.67,24.25,0.27,0.23,-0.01,4.09,-14.95,-2.29,12.97,0.41,0.18,0.99
3.427,7,-0.374,0.16,0.11,0.91,237.92,-21.64,4.72,0.58,-0.08,0.09,4.09,-18.16,5.95,-4.43,-0.04,0.45,1.18
3.429,4,0.002,-0.41,-0.24,0.88,176.7,46.62,-38.38,-0.01,-0.02,0.14,3.94,20.6,-9.61,-1.68,-0.83,-0.47,0.63
3.432,0,-0.991,-0.03,-0.1,-0.09,24.32,11.23,4.08,-0.07,-0.04,0.3,4.09,14.65,-24.26,-24.72,-0.35,0.18,1.26
3.435,5,0.519,0.42,-0.13,-0.73,277.48,28.75,46.46,-0.02,-0.17,-0.11,4.01,-35.25,-24.41,0.76,-0.52,0.42,0.53
3.469,2,0.85,-0.17,-0.11,0.48,73.7,-1.41,-23.6,0.12,0.03,0.14,4.09,0.76,-3.51,-38.3,0.1,-0.56,1.03
3.47,6,-0.099,0.07,0.09,-0.99,181.97,6.78,-11.37,-0.39,0.13,-0.05,3.96,70.04,-80.87,-134.74,0.28,-0.15,1.03
3.484,1,-0.999,0,0.03,-0.04,18.81,-3.06,-0.54,-0.2,-0.16,-0.13,4.09,-47.61,31.89,-95.37,-0.2,0.21,0.87
3.487,3,-0.976,-0.19,0.07,-0.08,21.33,-10.01,21.52,-0.16,-0.16,0.04,4.09,0.46,8.24,-1.68,0.01,0.55,0.87
3.57,7,-0.347,0.11,0.09,0.93,234.35,-14.97,5.56,0.19,0.05,0.06,4.09,0.61,104.37,-49.29,0.22,0.32,1.07
3.572,4,0.009,-0.4,-0.23,0.89,177.58,45.14,-35.73,-0.12,-0.01,-0.07,3.94,15.26,-11.75,4.43,-0.68,-0.43,0.65
3.576,0,-0.993,-0.04,-0.09,-0.06,21.85,10.17,5.12,-0.32,0.12,-0.16,4.09,6.87,-13.28,-25.79,-0.47,-0.01,0.82
3.577,5,0.525,0.39,-0.13,-0.75,274.56,26.26,42.24,-0.03,-0.01,0.1,4.01,-13.12,-28.38,-5.65,-0.2,0.6,0.71
3.581,2,0.859,-0.16,-0.12,0.47,72.1,-2.86,-22.78,-0.04,0.06,-0.04,4.09,-14.65,-1.37,14.34,-0.06,-0.3,0.89
3.582,6,-0.149,0.01,0.08,-0.99,176.87,-0.44,-9.45,-0.13,0.32,-0.07,3.96,19.38,-55.54,-121.61,0.05,0.12,1
3.603,1,-0.998,0.03,0.01,0.04,8.99,-1.77,-3.68,0.05,-0.21,-0,4.09,-15.11,-12.05,-113.07,0.04,0.14,0.95
3.605,3,-0.974,-0.21,0.06,-0.06,18.76,-8.41,24.18,-0.13,0.33,-0.17,4.09,-5.19,19.53,24.41,0.02,0.15,0.92
3.625,7,-0.267,0.02,0.11,0.96,224.69,-5.68,11.23,-0.19,0.41,0.21,4.09,88.65,59.51,-255.43,0.38,0.25,1.17
3.627,4,0.009,-0.4,-0.22,0.89,178.5,45.09,-33.8,0.01,0.07,0.13,3.94,8.09,3.97,5.34,-0.77,-0.27,0.56
3.63,0,-0.994,-0.04,-0.1,-0.04,19.13,10.73,5.02,-0.25,0.05,-0.02,4.09,11.9,20.75,-24.72,-0.43,0.02,0.91
3.632,5,0.533,0.38,-0.15,-0.74,274.87,24.01,42.65,0.06,0.07,0.12,4.01,7.32,-1.98,7.48,-0.37,0.63,0.53
3.666,2,0.848,-0.17,-0.12,0.49,74.15,-1.62,-24.18,0.05,0.1,0,4.09,-5.34,2.29,46.23,-0.01,-0.5,0.86
3.667,6,-0.203,-0.04,0.07,-0.98,170.88,-5.6,-6.92,-0.16,-0.06,0.02,3.96,22.28,-53.56,-6.1,0.13,-0.08,1.05
3.705,1,-0.991,0.04,0.04,0.12,359.99,-4.57,-3.86,-0,0.07,0.04,4.09,-6.41,-29.45,-83.62,0.06,-0.1,0.98
3.708,3,-0.975,-0.21,0.05,-0.05,18.78,-6.39,24.42,-0.04,0.13,-0.02,4.09,5.19,4.88,-36.93,0.02,0.3,0.91
3.738,7,-0.166,-0.08,0.14,0.97,214.26,5.99,17.24,-0.21,0.19,0.14,4.09,61.34,112.46,-3.51,0.14,0.53,1.09
3.739,4,0.008,-0.4,-0.21,0.89,178.78,45.74,-33.13,-0.02,0.08,-0.04,3.94,3.2,12.51,5.19,-0.68,-0.28,0.59
3.743,0,-0.992,-0.04,-0.12,-0.02,17.17,13.52,5.2,-0.22,0.01,-0.06,4.09,14.5,17.7,-20.75,-0.43,0.08,0.86
3.744,5,0.535,0.38,-0.15,-0.74,274.96,23.32,42.85,0.03,-0.07,0.17,4.01,9.61,-3.81,14.34,-0.55,0.78,0.8
3.749,2,0.827,-0.19,-0.11,0.52,77.76,0.56,-26.03,-0.05,-0.01,-0.07,4.09,-19.68,-0.76,25.33,-0.02,-0.37,0.86
3.751,6,-0.215,-0.08,0.05,-0.97,169.51,-10.62,-4.03,0.06,0.15,0.02,3.96,29.75,-61.65,-67.44,0.07,0.01,1.06
3.807,1,-0.982,0.05,0.05,0.18,353.95,-6.36,-4.7,0.15,-0.15,-0.01,4.09,-13.28,-19.23,-56.15,0.2,0.1,0.98
3.808,3,-0.975,-0.22,0.03,-0.03,15.98,-4.54,25.19,-0.07,-0.01,-0.08,4.09,1.22,5.49,-27.47,0.01,0.41,0.82
3.841,7,-0.122,-0.17,0.19,0.96,212.33,16.58,25.53,-0.37,-0.06,-0.26,4.09,84.08,69.12,-123.14,0.16,0.11,0.77
3.843,4,0.006,-0.42,-0.21,0.88,178.26,47.32,-33.56,-0.03,0.08,-0.03,3.94,-11.29,21.51,13.89,-0.7,-0.32,0.58
3.846,0,-0.99,-0.05,-0.13,-0,15.35,14.99,6.51,-0.15,0.01,-0.03,4.09,21.82,9.31,-16.33,-0.38,0.09,0.89
3.848,5,0.539,0.38,-0.16,-0.74,275.58,22.46,43.97,0.01,-0.06,0.03,4.01,10.99,-0.61,15.11,-0.44,0.71,0.69
3.856,2,0.818,-0.21,-0.12,0.52,78.99,1.1,-27.71,0,-0.01,-0.06,4.09,-24.26,2.75,-3.66,-0.01,-0.44,0.83
3.858,6,-0.275,-0.14,0.03,-0.95,161.66,-16.43,0.91,0.15,-0.07,0.05,3.96,26.7,-40.28,-55.54,0.2,-0.09,1.04
3.895,1,-0.974,0.06,0.06,0.21,349.85,-7.9,-4.87,0.14,0.03,-0.02,4.09,-34.94,6.41,-54.63,0.3,-0.06,0.93
3.897,3,-0.976,-0.21,0.03,-0.01,13.88,-3.61,24.83,-0.03,0.03,-0.01,4.09,-1.68,7.93,-3.36,0.06,0.39,0.9
3.959,7,-0.041,-0.22,0.23,0.95,205.49,23.65,30.24,-0.2,-0.04,-0.58,4.09,71.11,-27.62,-31.59,-0.11,0.23,0.46
3.961,4,-0.008,-0.44,-0.22,0.87,178.15,49.9,-35.59,-0,-0.07,0.13,3.94,-18.46,28.99,9.92,-0.88,-0.56,0.59
3.964,0,-0.988,-0.07,-0.14,0.02,13.39,15.8,8.13,-0.11,0.02,-0.01,4.09,23.19,-0.31,-31.28,-0.39,0.11,0.92
3.966,5,0.543,0.38,-0.17,-0.73,276.38,21.41,45.41,0.02,0.08,-0.01,4.01,10.07,-5.95,4.43,-0.35,0.67,0.71
3.97,2,0.824,-0.22,-0.13,0.51,77.02,0.85,-29.26,0.17,0.03,0.01,4.09,-9.16,10.83,-29.6,0.03,-0.65,0.8
3.971,6,-0.316,-0.17,0.01,-0.93,155.81,-19.05,5.02,0.16,0.08,-0.03,3.96,26.55,-34.64,-66.07,0.15,0.04,0.98
3.995,1,-0.964,0.08,0.06,0.25,345.67,-8.43,-7.07,0.37,0.02,0.01,4.09,-26.7,4.27,-45.01,0.49,0.01,0.97
3.997,3,-0.977,-0.21,0.02,-0.01,15,-3.12,24.52,-0.03,0.03,0.02,4.09,-8.24,20.9,23.65,0.03,0.38,0.93
4.036,7,0.006,-0.19,0.27,0.94,199.73,21.33,32.92,0.08,0.1,-0.06,4.09,26.25,-57.98,-57.83,-0.4,0.55,0.65
4.038,4,0.024,-0.46,-0.24,0.85,169.38,51.09,-43.15,-0.26,0.33,0.02,3.94,13.89,112.15,-152.59,-0.79,-0.02,0.72
4.042,0,-0.986,-0.08,-0.13,0.05,9.91,15.61,9.25,-0.01,0.05,0.03,4.09,11.44,-16.17,-20.14,-0.27,0.09,0.98
4.043,5,0.548,0.38,-0.18,-0.72,277.28,20.48,46.64,0.01,-0.08,0.07,4.01,2.9,3.36,4.73,-0.31,0.65,0.55
4.069,2,0.829,-0.22,-0.13,0.5,75.77,0.64,-29.94,0.09,-0.07,0.03,4.09,10.38,1.07,-18.92,0.1,-0.6,0.84
4.071,6,-0.354,-0.2,-0.01,-0.91,149.91,-20.87,9.75,0.61,0.05,0.17,3.96,29.75,-16.94,-37.08,-0.02,-0.24,1.44
4.091,1,-0.954,0.09,0.05,0.28,342.15,-8.78,-8.76,-0.37,0.09,0.72,4.09,15.41,-9.16,12.36,-0.04,-0.43,1.87
4.093,3,-0.98,-0.19,0.02,-0.05,19.72,-3.17,21.89,-0.03,0.22,0.12,4.09,-24.57,20.45,74.46,0.08,0.2,1.17
4.128,7,0.045,-0.1,0.29,0.95,192.53,12.84,33.25,1.31,-1.03,2.75,4.09,78.12,-116.58,117.65,-1.65,0.89,3.28
4.13,4,0.314,-0.48,-0.31,0.76,128.08,32.09,-65.76,0.03,-0.71,0.24,3.94,77.51,157.62,-538.79,0.06,-1.85,0.36
4.133,0,-0.989,-0.08,-0.11,0.05,9.78,13.51,9.25,-0.2,0.35,0.28,4.09,-7.17,7.93,45.01,-0.47,-0.11,1.13
4.135,5,0.558,0.38,-0.18,-0.71,278.82,20.33,46.57,0.15,0.1,-0.22,4.01,-25.02,-0.46,-12.82,-0.33,0.73,0.53
4.164,2,0.857,-0.18,-0.12,0.47,71.72,-2.62,-25.24,0.23,-0.19,-0.03,4.09,122.22,-43.33,-103.15,0.4,-0.58,0.86
4.165,6,-0.373,-0.16,-0.04,-0.91,148.12,-14.73,11.7,0.27,-0.11,0.16,3.96,14.19,125.73,-25.02,0.24,-0.03,1.25
4.203,7,-0.047,-0.1,0.27,0.96,202.41,9.65,31.92,-0.08,0.03,1.14,4.09,23.5,-139.31,62.26,-0.31,0.79,2
4.205,3,-0.982,-0.17,0.01,-0.08,23.41,-2.76,19.13,-0.07,0.04,-0.1,4.09,-6.41,7.93,-34.94,-0.13,0.22,0.83
4.267,0,-0.989,-0.09,-0.11,0.02,12.91,13.34,9.76,-0.3,-0,0.05,4.09,3.05,2.59,41.96,-0.46,0.13,0.98
4.268,4,0.478,-0.45,-0.35,0.67,112.17,15.68,-68.6,-0.18,0.45,-0.26,3.94,4.73,40.13,-51.12,-0.54,-0.38,0.39
4.275,1,-0.965,0.07,0.05,0.25,345.94,-7.97,-6.77,-0.33,-0.09,0.17,4.09,32.96,13.73,99.03,-0.05,-0.23,1.26
4.276,5,0.566,0.38,-0.17,-0.71,279.39,20.04,45.61,0.08,-0.04,-0.06,4.01,5.49,9.16,15.26,-0.41,0.51,0.61
4.28,2,0.883,-0.1,-0.14,0.44,68.08,-8.92,-17.75,-0,-0.03,-0.04,4.09,42.27,-41.35,101.17,0.18,-0.26,0.89
4.281,6,-0.349,-0.06,-0.06,-0.93,152.6,-4.27,9.58,-0.12,-0.09,0.21,3.96,-47.61,117.8,117.34,0.25,0.18,1.17
4.307,1,-0.984,0.05,0.04,0.17,355.02,-5.39,-4.73,-0.08,0.04,0.04,4.09,15.56,2.14,116.42,0.04,-0.14,1.03
4.308,3,-0.985,-0.15,-0,-0.08,23.52,-1.15,17.16,-0.11,-0.07,-0.04,4.09,-16.78,-12.51,1.37,-0.01,0.35,0.93
4.35,7,-0.1,-0.05,0.25,0.96,206.74,3.06,29.9,-0.11,0.09,0.05,4.09,-34.64,-38.6,109.25,0.08,0.65,0.88
4.352,4,0.559,-0.45,-0.36,0.6,102.84,7.77,-69.48,-0.01,0.1,0.05,3.94,50.66,20.9,40.44,-0.22,-1.02,0.38
4.356,0,-0.989,-0.08,-0.12,-0.02,17.14,13.46,10.07,-0.2,0.02,-0.05,4.09,-22.28,11.29,44.25,-0.42,0.16,0.86
4.358,5,0.581,0.38,-0.18,-0.7,281.97,18.97,46.95,-0.12,-0.07,-0.13,4.01,-3.2,8.09,11.75,-0.34,0.53,0.62
4.361,2,0.849,-0.09,-0.15,0.5,76.4,-9.68,-17.32,0.09,0.04,0.15,4.09,5.19,-19.99,2.14,0.2,-0.46,1.04
4.363,6,-0.248,0.04,-0.05,-0.97,165.51,6.08,4.53,-0.24,-0.02,-0.01,3.96,-38.91,100.4,78.12,0.11,0.2,1
4.398,1,-0.995,0.04,0.04,0.08,4.9,-5.37,-4.65,0.09,-0.14,-0.05,4.09,9.16,-18.62,108.03,0.16,0.06,0.95
4.4,3,-0.988,-0.14,0,-0.06,20.92,-1.5,16.16,-0.03,0.14,-0.16,4.09,-5.8,3.51,-6.1,-0.03,0.1,0.85
4.432,7,-0.151,0,0.23,0.96,210.98,-4.01,26.33,0.05,-0.03,0,4.09,-42.57,-42.42,40.13,0.03,0.41,0.9
4.434,4,0.489,-0.43,-0.29,0.7,113.08,18.95,-60.74,-0.58,0.24,-0.11,3.94,35.25,-79.65,140.99,-0.53,-0.4,0.85
4.438,0,-0.989,-0.07,-0.12,-0.05,20.62,13.72,9.26,-0.11,0.01,-0.08,4.09,-22.13,4.27,34.03,-0.32,0.13,0.86
4.44,5,0.589,0.39,-0.17,-0.69,283.45,19.14,47.1,0.09,-0.15,0.08,4.01,2.44,19.53,-0.92,-0.48,0.73,0.57
4.475,2,0.839,-0.13,-0.16,0.5,77.69,-8.41,-22.53,-0.02,0.17,0,4.09,-71.41,31.43,53.41,0,-0.42,0.93
4.477,6,-0.204,0.11,-0.05,-0.97,170.64,13.89,2.45,-0.3,-0.22,-0.27,3.96,-27.92,50.66,38.3,0.18,-0.06,0.8
4.511,1,-0.998,0.04,0.05,0.02,12.25,-5.57,-4.47,0.06,-0.19,-0.08,4.09,19.38,-11.6,69.73,0.13,0.11,0.93
4.513,3,-0.988,-0.13,0,-0.08,23.4,-1.54,15.25,0.04,0.05,-0.07,4.09,-8.85,10.53,33.42,0.05,0.19,0.93
4.548,0,-0.988,-0.06,-0.13,-0.07,22.95,13.83,7.98,-0.19,0.07,-0.1,4.09,-17.09,2.75,19.23,-0.42,0.07,0.83
4.55,4,0.452,-0.41,-0.29,0.74,119.45,20.5,-58.12,-0.08,-0.01,0.03,3.94,-11.14,-16.48,25.33,-0.4,-0.88,0.54
4.554,2,0.823,-0.16,-0.15,0.53,80.1,-4.34,-24.7,0.03,-0.01,-0.21,4.09,-10.07,-3.97,2.14,0.08,-0.39,0.73
4.556,5,0.592,0.4,-0.17,-0.68,285.26,20.36,48.1,-0.03,-0.03,-0.19,4.01,9.16,21.97,11.29,-0.4,0.68,0.67
4.582,7,-0.206,0.06,0.19,0.96,216.35,-11.02,20.54,0.01,-0.12,-0.06,4.09,-47.61,-39.37,99.95,0.12,0.23,0.91
4.584,6,-0.132,0.14,-0.04,-0.98,179.17,16.97,2.85,-0.07,-0.15,-0.28,3.96,-5.8,19.68,117.49,-0.12,-0.09,0.72
4.597,1,-0.998,0.03,0.05,-0.02,16.55,-5.78,-3.65,0.18,-0.02,-0.08,4.09,19.68,-14.04,37.54,0.23,-0.09,0.93
4.598,3,-0.984,-0.13,-0.01,-0.11,27.15,-0.97,15.28,-0.09,0.14,-0.05,4.09,3.97,8.24,41.05,-0.09,0.14,0.96
4.655,0,-0.987,-0.05,-0.13,-0.08,24.47,14.15,7.02,-0.17,0.16,-0.02,4.09,-12.21,-4.12,28.23,-0.41,-0.01,0.92
4.656,4,0.432,-0.4,-0.31,0.75,122.75,19.61,-58.9,-0,-0.01,-0.08,3.94,-19.84,-45.01,-5.34,-0.3,-0.88,0.49
4.661,7,-0.255,0.11,0.16,0.95,221.95,-17.2,14.36,0.25,-0.02,0.06,4.09,-42.72,-33.87,48.68,0.09,0.36,1.03
4.662,5,0.602,0.42,-0.16,-0.66,288.7,21.46,49.73,0.01,-0.02,0.03,4.01,-11.44,35.86,11.14,-0.42,0.73,0.57
4.69,2,0.813,-0.16,-0.15,0.54,81.85,-4.29,-25.56,0.02,0.15,0.03,4.09,3.05,-9.92,30.52,-0.03,-0.51,0.91
4.692,6,-0.086,0.14,-0.03,-0.99,184.38,16.1,2.03,0.28,0.22,0.09,3.96,-23.8,-3.05,25.94,-0.53,0.18,0.92
4.7,1,-0.997,0.02,0.06,-0.05,19.69,-6.48,-2.47,0.31,0.02,0.01,4.09,17.09,-10.99,32.65,0.45,-0.11,0.93
4.701,3,-0.98,-0.14,0.01,-0.14,30.17,-2.83,15.67,0.07,0.09,0.09,4.09,9.61,-17.7,34.33,0.1,0.19,1.06
4.75,0,-0.987,-0.04,-0.12,-0.1,26.44,12.9,5.93,-0.09,0.12,-0.02,4.09,-13.43,-25.79,30.82,-0.34,0.02,0.96
4.751,4,0.419,-0.37,-0.34,0.76,127.03,16.23,-58.65,-0.13,0.06,-0.04,3.94,-8.85,-57.07,-17.85,-0.31,-1.09,0.56
4.756,2,0.803,-0.16,-0.16,0.55,84.15,-5.05,-25.93,0.11,0.09,0.06,4.09,-5.95,-33.57,19.68,0.05,-0.56,0.92
4.758,5,0.623,0.43,-0.13,-0.64,293.03,23.18,49.07,0.07,-0.14,-0.01,4.01,-42.57,40.28,20.9,-0.54,0.89,0.69
4.785,7,-0.306,0.15,0.12,0.93,228.99,-20.45,7.94,0.42,-0.13,-0.02,4.09,-35.25,-9.92,73.85,-0.06,0.33,1.03
4.788,6,-0.059,0.14,-0.02,-0.99,187.37,15.83,1.35,-0.82,0.56,-0.38,3.96,-4.58,49.13,-35.25,1.21,0.85,0.41
4.792,1,-0.995,0.03,0.07,-0.06,21.46,-7.91,-3.64,-0.15,-0.2,0.02,4.09,-36.47,9.92,-27.77,0,0.15,1.04
4.793,3,-0.972,-0.15,0.03,-0.17,33.26,-6.5,16.82,0.23,-0.25,0.31,4.09,27.16,-16.33,43.49,0.37,0.6,1.17
4.881,0,-0.989,-0.03,-0.1,-0.11,26.79,10.87,4.76,-0.21,-0.06,0.07,4.09,-4.88,-6.26,5.95,-0.4,0.18,1
4.883,4,0.407,-0.32,-0.35,0.78,132.32,12.64,-55.47,-0.03,-0,0.01,3.94,40.59,-44.86,29.3,-0.22,-0.61,0.56
4.887,7,-0.322,0.13,0.1,0.93,231.23,-17.73,5.83,0.74,-0.39,0.13,4.09,15.26,127.26,-34.33,-0.38,0.17,1.32
4.889,5,0.653,0.41,-0.08,-0.63,296.43,24.54,44.75,0,-0.01,0.19,4.01,-55.85,15.87,-19.38,-0.39,0.54,0.59
4.893,2,0.786,-0.15,-0.18,0.57,87.58,-6.84,-26.78,0.25,-0.08,0.07,4.09,-7.32,-34.18,54.63,0.27,-0.66,0.84
4.894,6,-0.101,0.07,-0,-0.99,182.42,8.48,-0.7,0.03,0.22,0.17,3.96,-15.41,-50.35,63.78,-0.11,0.37,1.01
4.902,1,-0.997,0.05,0.05,-0.02,16.75,-5.54,-6.3,0.28,-0.44,-0.1,4.09,-30.06,26.09,-85.6,0.33,0.32,0.93
4.904,3,-0.969,-0.18,0.04,-0.16,32.03,-7.42,20.26,-0.12,0.06,-0.09,4.09,31.74,-22.89,-36.77,-0.01,0.3,0.88
4.954,7,-0.329,0.01,0.1,0.94,232.16,-5.21,10.04,-0.14,-0.23,0.29,4.09,105.44,85.45,-49.59,-0.03,0.05,1.12
4.956,4,0.394,-0.3,-0.33,0.8,135.85,12.27,-52.05,-0.12,-0.12,0.06,3.94,6.56,-14.5,6.1,-0.08,-0.88,0.71
4.96,0,-0.989,-0.02,-0.1,-0.11,26.59,11.46,3.99,-0.22,-0.03,-0.11,4.09,-4.73,21.82,1.22,-0.38,0.13,0.83
4.961,5,0.663,0.4,-0.05,-0.63,297.01,26.21,41.29,-0.1,-0.13,-0.19,4.01,-22.58,18.62,0,-0.59,0.4,0.58
4.989,2,0.743,-0.16,-0.2,0.62,95.2,-5.56,-28.83,-0.04,-0.05,-0.19,4.09,-6.41,-25.94,58.29,0.12,-0.35,0.74
4.991,6,-0.099,0.01,0.01,-1,182.7,1.38,-0.88,0,-0.06,-0.01,3.96,7.17,-65.31,-30.82,-0.02,-0.08,0.99
5.002,1,-0.997,0.06,0.04,0.03,10.53,-5.04,-6.8,0.14,-0.11,-0.16,4.09,-1.53,-8.7,-45.93,0.22,0.03,0.81
5.005,3,-0.967,-0.2,0.03,-0.15,30.4,-7.25,22.67,-0.09,0.04,-0.15,4.09,10.99,-8.39,15.41,0.02,0.34,0.8
5.047,0,-0.986,-0.02,-0.12,-0.12,28.08,13.14,4.23,-0.21,-0.03,-0.12,4.09,1.37,15.11,17.55,-0.38,0.16,0.81
5.048,4,0.386,-0.29,-0.34,0.81,137.17,11.88,-51.79,-0.09,0.04,-0.01,3.94,-9.92,-7.93,7.17,-0.19,-0.72,0.68
5.051,7,-0.281,-0.11,0.16,0.94,228.75,6.72,22.03,-0.53,-0.15,-0.11,4.09,106.96,100.1,-81.48,0.19,-0.12,0.92
5.053,5,0.677,0.41,-0.04,-0.61,299.96,26.37,41.72,-0.05,-0.04,0.1,4.01,5.8,20.9,31.28,-0.49,0.64,0.71
5.082,2,0.708,-0.16,-0.21,0.66,101.12,-5.5,-29.99,-0.01,-0.01,-0.07,4.09,-4.88,-24.57,31.89,0.11,-0.45,0.82
5.083,6,-0.11,-0.05,0,-0.99,181.33,-5.46,0.48,0.02,0.02,0.05,3.96,15.87,-77.06,-17.24,0.08,0.06,1.03
5.117,1,-0.995,0.06,0.05,0.06,7.06,-5.95,-6.98,0.05,-0.08,0.01,4.09,-7.78,20.29,-22.13,0.2,-0.02,0.97
5.118,3,-0.963,-0.21,0.04,-0.16,31.22,-8.42,23.59,-0.01,-0.1,-0.1,4.09,1.98,9.16,-4.27,0.16,0.44,0.78
5.142,7,-0.251,-0.2,0.21,0.92,228.63,15.05,30.5,-0.37,0.1,-0.49,4.09,70.19,54.63,-2.59,0.21,0.24,0.55
5.144,4,0.374,-0.29,-0.35,0.81,138.39,11.95,-53.16,0.01,-0.07,0.15,3.94,-19.99,-7.63,18.31,-0.26,-0.73,0.54
5.147,0,-0.982,-0.03,-0.13,-0.13,29.75,14.48,5.46,-0.15,-0.11,-0.06,4.09,2.75,12.97,6.1,-0.35,0.21,0.86
5.149,5,0.686,0.42,-0.03,-0.59,303.15,26.76,43.67,0.02,-0.03,0.05,4.01,7.93,13.73,14.95,-0.48,0.67,0.63
5.169,2,0.692,-0.15,-0.23,0.67,103.95,-6.41,-30.81,0.08,-0.02,-0.01,4.09,-10.07,-19.38,21.82,0.14,-0.59,0.8
5.172,6,-0.15,-0.12,-0.01,-0.98,176.32,-13.37,3.43,0.11,-0.07,-0.03,3.96,22.58,-62.87,-23.04,0.16,-0.06,0.97
5.209,1,-0.994,0.07,0.04,0.08,5.26,-5.31,-7.16,0.18,-0.19,-0.06,4.09,-21.06,22.43,-31.59,0.24,0.09,0.94
5.211,3,-0.96,-0.22,0.04,-0.17,32.28,-8.49,24.44,-0.07,-0.04,0.01,4.09,12.21,12.66,17.09,0.1,0.46,0.88
5.242,7,-0.209,-0.22,0.24,0.92,225.1,17.48,34.47,-0.06,-0.13,-0.37,4.09,28.69,-55.08,-71.41,-0.27,0.22,0.6
5.243,4,0.358,-0.29,-0.36,0.81,139.86,12.46,-54.74,0.06,-0.12,0.23,3.94,-18.77,-14.34,16.33,-0.21,-0.88,0.56
5.247,0,-0.981,-0.03,-0.14,-0.13,30.01,15.66,6.18,-0.15,-0.05,-0.04,4.09,1.53,7.93,-5.19,-0.38,0.19,0.87
5.248,5,0.688,0.43,-0.04,-0.58,304.99,27.03,45.47,-0.1,-0.17,0.12,4.01,8.24,13.73,9.31,-0.48,0.7,0.62
5.284,2,0.677,-0.15,-0.24,0.68,106.28,-7.15,-32.04,0.06,0.03,0.04,4.09,-9.92,-16.63,8.39,0.09,-0.61,0.84
5.286,6,-0.183,-0.17,-0.02,-0.97,171.53,-18.73,6.61,0.16,0.03,0.06,3.96,22.58,-57.53,-58.9,0.21,0.1,1.12
5.321,1,-0.992,0.08,0.03,0.1,3.24,-4.83,-8.55,0.35,-0.12,0,4.09,-13.43,-13.43,-17.55,0.38,0.02,1.05
5.323,3,-0.955,-0.23,0.03,-0.19,34.4,-7.98,25.71,0.02,0.01,0.04,4.09,17.24,10.68,47.91,0.17,0.43,0.95
5.341,7,-0.162,-0.2,0.26,0.93,219.03,16.46,35.15,0.28,-0.27,0.12,4.09,7.48,-16.63,-38.15,-0.56,0.4,0.8
5.342,4,0.342,-0.29,-0.37,0.81,141.75,12.63,-55.5,-0.02,-0.04,0.04,3.94,5.65,-14.19,12.66,-0.15,-0.81,0.58
5.346,0,-0.982,-0.04,-0.14,-0.12,29.27,15.4,6.59,-0.05,0.01,0.13,4.09,0.61,-11.6,-2.59,-0.34,0.12,1.08
5.347,5,0.69,0.44,-0.03,-0.57,306.4,27.59,46.32,0.01,-0.04,-0.2,4.01,-4.73,13.58,14.95,-0.57,0.73,0.7
5.383,2,0.669,-0.15,-0.25,0.68,107.54,-7.75,-33.48,0.23,-0.12,0.11,4.09,-9.92,-18.01,9.31,0.28,-0.81,0.76
5.384,6,-0.223,-0.21,-0.04,-0.95,165.54,-22.08,10.89,0.66,0.02,0.04,3.96,27.31,-7.93,-37.99,-0.16,-0.14,1.4
5.423,1,-0.988,0.09,0.04,0.12,1.27,-5.75,-9.98,-0.15,0,0.51,4.09,7.17,4.27,10.83,0,-0.3,1.49
5.424,3,-0.946,-0.23,0.03,-0.23,39.16,-8.89,25.18,0.06,0.02,0.12,4.09,-13.73,21.06,46.23,0.19,0.42,1.09
5.474,7,-0.158,-0.16,0.27,0.94,216.95,12.08,34.37,0.93,-0.56,1.4,4.09,40.59,-114.14,164.34,-1.54,0.96,2.04
5.476,4,0.334,-0.28,-0.36,0.82,143.77,12.17,-53.34,-0.04,-0.02,0,3.94,29.91,-18.62,-2.29,-0.13,-0.76,0.61
5.48,0,-0.982,-0.03,-0.13,-0.13,30.41,14.02,5.92,-0.18,0.13,0.27,4.09,-15.87,11.14,35.86,-0.51,0.04,1.14
5.482,5,0.704,0.44,-0.02,-0.56,309.22,27.07,46.64,0.01,-0.1,0.03,4.01,-15.11,5.49,18.92,-0.57,0.67,0.57
5.486,2,0.662,-0.14,-0.26,0.69,108.98,-8.85,-33.47,0.15,-0.07,0.1,4.09,28.53,-6.71,-10.53,0.23,-0.73,0.8
5.489,6,-0.243,-0.15,-0.08,-0.96,163.81,-14.4,13.38,0.23,-0.14,0.03,3.96,18.77,128.48,-43.95,0.31,-0.12,1.14
5.496,1,-0.994,0.07,0.04,0.08,5.26,-5.02,-7.39,-0.2,0.1,0,4.09,47.45,9.77,112,-0.07,-0.27,1.02
5.497,3,-0.943,-0.2,0.02,-0.27,44.09,-7.67,21.53,-0.2,-0.02,-0.14,4.09,-12.66,9.61,3.66,-0.05,0.42,0.78
5.575,7,-0.267,-0.11,0.24,0.93,227.52,4.69,30.79,0.06,0.48,1.02,4.09,-9.61,-87.13,94.45,0.14,0.86,1.85
5.577,4,0.33,-0.26,-0.35,0.84,145.26,12.07,-50.88,-0.09,0.04,-0.08,3.94,3.66,-8.39,15.11,-0.15,-0.67,0.65
5.58,0,-0.978,-0.02,-0.13,-0.16,33.53,14.29,5.01,-0.24,0.01,-0.01,4.09,-10.53,-1.22,29.75,-0.47,0.14,0.91
5.582,5,0.725,0.44,-0.03,-0.53,312.57,25.11,47.1,-0.09,-0.07,-0.06,4.01,-7.63,4.73,44.25,-0.51,0.59,0.59
5.586,2,0.645,-0.13,-0.26,0.71,111.93,-8.58,-32.57,-0.14,0.03,-0.22,4.09,9,-12.66,25.48,0.11,-0.29,0.73
5.588,6,-0.185,-0.05,-0.08,-0.98,172.26,-4.34,10.25,-0.21,-0.1,0.25,3.96,-46.54,127.41,136.72,0.29,0.21,1.2
5.61,1,-0.998,0.04,0.03,-0.01,15.75,-3.42,-5.2,0.02,-0.14,-0.05,4.09,6.26,-15.72,107.12,0.07,0.06,0.97
5.611,3,-0.944,-0.19,0.02,-0.27,44.61,-7.74,20.33,-0.07,-0.09,0.01,4.09,-12.82,15.72,7.32,0.11,0.46,0.88
5.691,7,-0.31,-0.07,0.23,0.92,231.17,-0.83,28.22,-0.08,-0.05,-0.06,4.09,-30.21,-38.6,78.28,0.07,0.38,0.87
5.692,4,0.315,-0.26,-0.35,0.84,147.02,12.92,-50.4,0.01,-0.04,0.06,3.94,4.58,-4.58,30.67,-0.24,-0.72,0.59
5.697,0,-0.971,-0.01,-0.14,-0.19,37.27,15.23,4.64,-0.23,-0.04,-0.06,4.09,-17.7,16.17,25.18,-0.42,0.19,0.83
5.699,5,0.739,0.44,-0.04,-0.51,315.09,23.01,48.13,-0.03,-0.01,-0.06,4.01,1.98,2.44,27.62,-0.36,0.62,0.56
5.704,2,0.641,-0.12,-0.25,0.72,112.78,-8.77,-31.25,0,-0.02,-0.02,4.09,14.95,-1.98,7.32,0.17,-0.52,0.83
5.705,6,-0.099,0.05,-0.06,-0.99,182.92,5.95,6,-0.32,-0.1,-0.04,3.96,-39.52,116.58,65.92,0.25,0.07,0.95
5.711,1,-0.994,0.04,0.04,-0.1,25.39,-4.17,-4.6,0.06,-0.15,-0.05,4.09,10.22,-30.52,86.21,0.15,0.05,0.95
5.713,3,-0.945,-0.19,0,-0.27,44.49,-6.26,20.9,-0.02,0.14,-0.12,4.09,-3.51,10.99,11.9,0.01,0.21,0.87
5.783,0,-0.965,0,-0.15,-0.22,40.11,16.68,3.87,-0.15,0.02,-0.08,4.09,-17.24,8.09,25.94,-0.4,0.1,0.83
5.784,4,0.295,-0.26,-0.35,0.85,149.19,13.91,-50.41,0.06,-0.07,-0.01,3.94,-7.93,-14.19,26.09,-0.23,-0.63,0.58
5.791,7,-0.343,-0.02,0.22,0.91,233.72,-7.04,24.55,0.09,-0.07,-0.01,4.09,-42.57,-47.3,29.3,-0,0.4,0.91
5.793,5,0.746,0.44,-0.05,-0.5,317.02,21.77,49.48,0.01,0,0.1,4.01,10.68,11.29,19.07,-0.39,0.76,0.62
5.817,1,-0.988,0.03,0.05,-0.15,31.11,-4.79,-4.44,0.13,-0.14,-0.1,4.09,15.72,-3.81,48.37,0.24,0.02,0.88
5.819,6,-0.049,0.12,-0.04,-0.99,188.81,13.82,3.84,-0.32,-0,-0.36,3.96,-37.38,42.42,25.02,0.13,0.06,0.67
5.826,7,-0.378,0.05,0.2,0.9,237.13,-13.74,19.41,0.03,-0.22,-0.06,4.09,-55.69,-55.39,84.23,0.05,0.21,0.92
5.827,3,-0.94,-0.18,-0,-0.29,47.1,-6.02,20.12,0.04,0.1,-0.08,4.09,1.83,12.05,30.67,0.06,0.2,0.9
5.886,0,-0.958,0.02,-0.15,-0.25,43.23,16.76,2.58,-0.08,0.07,-0.09,4.09,-16.78,-1.53,27.31,-0.37,0.01,0.84
5.888,4,0.269,-0.26,-0.36,0.85,152.08,14.57,-51.36,-0.02,0.14,-0.16,3.94,-30.67,-23.19,15.11,-0.26,-0.8,0.66
5.893,2,0.621,-0.12,-0.24,0.74,115.66,-6.67,-30.46,0.13,0.08,-0.06,4.09,3.05,-3.81,14.04,0.01,-0.58,0.78
5.894,5,0.748,0.46,-0.04,-0.48,319.3,21.85,51.48,0.04,-0.01,0.17,4.01,13.73,25.48,4.43,-0.34,0.6,0.49
5.923,1,-0.983,0.02,0.04,-0.18,34.79,-4.6,-3.1,0.28,0.06,-0.06,4.09,33.42,-4.43,55.39,0.38,-0.15,0.95
5.925,6,0.006,0.13,-0.02,-0.99,195.06,15.34,2.58,0.21,-0.33,-0.18,3.96,-37.99,-12.97,58.75,-0.47,-0.35,0.73
5.929,0,-0.951,0.03,-0.14,-0.27,46.31,16.5,1.34,-0.1,0.08,0.07,4.09,-17.4,-7.48,32.65,-0.42,0.01,1
5.931,3,-0.929,-0.18,-0.01,-0.32,51.55,-5.88,19.95,0.05,0.12,-0.02,4.09,0.31,11.75,59.66,0.07,0.23,0.97
5.987,7,-0.426,0.11,0.17,0.88,243.39,-20.17,12.68,0.35,-0.01,0.04,4.09,-41.35,-28.99,74.77,0.2,0.44,0.99
5.989,4,0.24,-0.25,-0.39,0.85,155.52,14.05,-53.66,-0.02,0.01,0.06,3.94,-29.6,-29.91,5.49,-0.26,-0.84,0.64
5.993,2,0.609,-0.13,-0.23,0.75,117.23,-5.6,-30.41,0.09,0.04,-0.03,4.09,3.36,-10.38,6.26,0.04,-0.6,0.83
5.994,5,0.749,0.48,-0.03,-0.46,322.85,22.83,53.95,0.01,-0.04,-0.07,4.01,0,42.42,15.56,-0.47,0.96,0.59
6.024,1,-0.973,0,0.05,-0.22,40.15,-5.84,-1.42,0.35,-0.17,0.05,4.09,26.25,-16.94,52.34,0.52,-0.05,0.99
6.025,6,0.091,0.13,0,-0.99,204.68,14.9,0.99,0.33,0.14,0.15,3.96,-37.08,10.38,116.73,-0.37,0.17,0.93
6.029,7,-0.471,0.16,0.15,0.85,250.44,-24.29,6.31,0.47,-0.28,0.02,4.09,-26.25,-27.31,68.66,-0.09,0.45,1.09
6.03,3,-0.914,-0.18,-0.01,-0.36,56.22,-6.84,19.42,0.13,0.07,0.15,4.09,1.68,-1.98,39.83,0.19,0.23,1.1
6.095,0,-0.944,0.04,-0.12,-0.3,49.57,14.91,0.37,0.02,0.06,-0,4.09,-13.12,-30.67,37.38,-0.29,-0.05,0.96
6.096,4,0.222,-0.23,-0.41,0.86,158.74,11.91,-54.79,0.02,-0.03,0.14,3.94,-8.85,-35.55,-7.17,-0.25,-0.98,0.58
6.1,2,0.6,-0.11,-0.24,0.75,118.8,-6.68,-30.33,0.26,-0.06,0.03,4.09,1.83,-34.18,4.43,0.11,-0.75,0.75
6.101,5,0.759,0.48,0,-0.44,327.14,25.01,53.85,0.04,-0.04,0.04,4.01,-33.72,41.66,4.73,-0.44,0.82,0.52
6.131,1,-0.965,0,0.07,-0.25,43.61,-7.52,-2.01,0.01,-0.07,-0.01,4.09,-46.54,-4.12,2.75,0.15,0,0.97
6.133,6,0.162,0.13,0.01,-0.98,212.98,15.31,1.05,-0.63,0.98,-0.15,3.96,1.07,70.95,142.36,0.87,0.88,0.86
6.137,0,-0.943,0.04,-0.11,-0.31,50.77,12.83,-0.02,-0.35,-0.09,0.02,4.09,1.37,-11.6,16.17,-0.47,0.25,0.97
6.138,3,-0.892,-0.18,0.01,-0.41,62.12,-9.59,19.08,0.07,-0.29,0.31,4.09,-8.7,2.59,77.06,0.48,0.57,1.13
6.15,7,-0.504,0.14,0.12,0.84,254.97,-20.69,4.19,0.31,-0.73,0.15,4.09,38.76,143.43,-4.27,-0.28,-0.04,1.36
6.152,4,0.21,-0.2,-0.41,0.86,161.63,9.84,-53.96,-0.03,-0.06,0.01,3.94,17.55,-21.97,16.33,-0.12,-0.77,0.54
6.21,1,-0.97,0.03,0.05,-0.24,41.57,-4.97,-4.91,0.13,-0.54,-0.05,4.09,-18.31,37.84,-52.34,0.43,0.3,0.9
6.211,5,0.776,0.47,0.04,-0.42,329.92,27.15,50.76,0,-0.03,-0.14,4.01,-51.12,15.41,1.07,-0.41,0.62,0.49
6.215,7,-0.529,0.01,0.1,0.84,257.75,-7.29,8.78,0.03,-0.17,0.15,4.09,100.4,85.3,-46.54,-0.04,0.18,1.1
6.216,6,0.112,0.07,0.01,-0.99,206.91,8.28,-0.3,0.09,0.49,0.08,3.96,-9.16,-54.32,57.68,-0.16,0.6,1.05
6.22,0,-0.938,0.04,-0.11,-0.33,52.59,13.27,-0.17,-0.31,-0.01,-0.07,4.09,-9.46,19.07,25.63,-0.44,0.23,0.84
6.222,3,-0.886,-0.18,-0.01,-0.43,64.35,-8.08,18.78,-0.19,0.01,-0.07,4.09,22.89,-19.99,-25.18,0.05,0.41,0.88
6.332,1,-0.98,0.04,0.05,-0.19,36.03,-4.23,-5.85,0.03,-0.16,-0.03,4.09,-12.36,12.21,-56.92,0.18,0.03,0.92
6.333,4,0.19,-0.18,-0.4,0.88,164.82,10,-51.38,-0,-0.01,0.08,3.94,12.36,-18.31,19.99,-0.14,-0.81,0.57
6.337,0,-0.929,0.04,-0.12,-0.35,55.01,15,0.52,-0.24,-0.08,-0.09,4.09,0.15,13.12,14.04,-0.36,0.21,0.82
6.339,5,0.792,0.44,0.06,-0.41,331.32,27.63,47.59,0.03,0.05,0.01,4.01,-32.04,11.44,13.43,-0.39,0.62,0.57
6.343,7,-0.504,-0.11,0.13,0.85,256.24,3.36,19.95,-0.38,0.12,0.08,4.09,118.26,98.27,-67.9,0.22,0.07,1.11
6.344,6,0.112,0.01,-0,-0.99,206.91,1.15,0.57,-0.08,0.11,0.03,3.96,13.89,-82.09,-28.38,0.11,0.12,1.01
6.348,2,0.521,-0.08,-0.25,0.81,130.8,-8.14,-29.85,-0.11,0.04,-0.13,4.09,0.46,-9.92,21.82,0.14,-0.34,0.79
6.35,3,-0.89,-0.18,-0.01,-0.42,62.8,-7.38,20.06,-0.12,-0,-0.06,4.09,-8.24,9.92,20.9,0.05,0.43,0.87
6.421,1,-0.986,0.05,0.05,-0.15,32.02,-4.53,-6.54,-0.04,-0.09,-0.06,4.09,-16.33,18.46,-42.42,0.12,-0.03,0.89
6.423,4,0.169,-0.18,-0.39,0.89,167.54,10.42,-50.43,-0.01,0.08,-0.01,3.94,-12.36,-10.68,17.24,-0.22,-0.87,0.64
6.427,7,-0.468,-0.23,0.16,0.84,256.03,13.37,29.86,-0.23,0.35,-0.54,4.09,82.86,53.86,-20.29,0.31,0.32,0.43
6.428,5,0.804,0.43,0.07,-0.4,332.62,27.42,45.99,-0.02,-0.04,-0.11,4.01,-15.11,-1.53,5.49,-0.45,0.52,0.54
6.432,0,-0.925,0.04,-0.14,-0.35,55.9,16.25,1.27,-0.22,-0.05,-0.14,4.09,7.93,8.39,-2.14,-0.37,0.21,0.78
6.433,6,0.086,-0.06,-0.03,-0.99,203.74,-6.7,2.91,-0.01,0.06,0.03,3.96,24.11,-82.86,-47.3,0.14,0.07,0.99
6.437,2,0.511,-0.07,-0.25,0.82,132.28,-8.35,-29.56,-0.03,-0,-0.09,4.09,-7.17,-1.07,10.99,0.15,-0.42,0.79
6.439,3,-0.884,-0.18,-0.03,-0.43,64.61,-6.35,20.39,-0.08,0.02,-0.1,4.09,15.41,29.3,15.41,0.02,0.34,0.82
6.519,1,-0.989,0.07,0.04,-0.13,28.79,-3.99,-8.13,0.24,-0.26,-0.12,4.09,-34.03,6.87,-39.37,0.35,0.03,0.87
6.521,4,0.145,-0.18,-0.4,0.89,169.97,11.34,-51.56,-0.05,-0.02,0.09,3.94,-19.99,-8.7,26.4,-0.18,-0.65,0.57
6.525,7,-0.412,-0.26,0.2,0.85,250.74,15.87,34.77,-0.09,0.05,-0.47,4.09,28.23,-74.16,-126.34,-0.17,0.33,0.5
6.527,5,0.807,0.43,0.06,-0.4,333.07,26.62,46.22,-0,0.04,-0.01,4.01,8.7,4.88,12.97,-0.44,0.53,0.54
6.53,0,-0.929,0.03,-0.14,-0.34,54.74,16.61,2.1,-0.1,-0.01,-0.09,4.09,10.07,-7.48,-14.34,-0.33,0.1,0.85
6.532,6,0.022,-0.13,-0.06,-0.99,195.79,-14.78,6.57,0.1,-0.2,-0.04,3.96,30.36,-71.11,-44.86,0.16,-0.15,1
6.535,2,0.506,-0.07,-0.26,0.82,133.09,-9,-30.44,0.05,-0.05,0,4.09,-9.46,-11.44,2.44,0.15,-0.6,0.82
6.538,3,-0.869,-0.18,-0.05,-0.46,68.79,-4.52,21.08,0.05,0.1,-0.12,4.09,-15.26,38.6,78.74,0.03,0.25,0.84
6.621,1,-0.989,0.09,0.05,-0.1,26.3,-4.38,-11.12,0.31,-0.28,0.04,4.09,-22.58,-8.54,-35.25,0.45,0,1.03
6.623,4,0.125,-0.18,-0.42,0.88,171.67,12.17,-53.91,-0.03,0.07,0.05,3.94,-35.1,-10.68,10.53,-0.22,-0.77,0.64
6.627,7,-0.37,-0.22,0.25,0.87,244.21,11.82,37.36,-0.07,-0.54,-0.06,4.09,-2.59,-28.69,-8.7,-0.43,0.18,0.87
6.629,5,0.807,0.45,0.06,-0.38,335.58,25.91,48.93,-0.03,-0.05,0.13,4.01,17.85,21.51,16.78,-0.41,0.51,0.45
6.632,0,-0.931,0.03,-0.13,-0.34,54.59,15.11,2.39,-0.04,-0.13,0.09,4.09,-10.99,-23.8,7.48,-0.22,0.16,1.06
6.633,6,-0.014,-0.19,-0.09,-0.98,190.32,-21.38,10.94,0.66,0.08,0.02,3.96,19.23,-45.78,-61.65,-0.25,0.26,1.16
6.721,1,-0.99,0.1,0.05,-0.09,24.76,-4.54,-11.83,-0.3,-0.04,0.69,4.09,47.91,-9.61,22.28,-0.17,-0.26,1.73
6.725,3,-0.829,-0.16,-0.05,-0.53,78.79,-4.7,18.81,0.08,0.02,0.09,4.09,-31.13,23.04,90.64,0.09,0.28,1.09
6.729,7,-0.377,-0.15,0.29,0.87,241.68,2.22,37.29,0.56,-1.63,1.91,4.09,79.04,-196.99,89.57,-1.58,1.04,2.69
6.73,4,0.109,-0.17,-0.44,0.88,173.6,11.86,-55.37,0.09,-0.11,-0.05,3.94,12.36,-25.63,29.14,-0.24,-0.67,0.42
6.733,0,-0.931,0.03,-0.11,-0.35,55.22,12.64,1.08,-0.21,0.24,0.25,4.09,-9.31,16.63,15.56,-0.67,-0.06,1.04
6.735,5,0.809,0.47,0.07,-0.35,340.28,25.91,52.1,-0.06,0.02,-0.05,4.01,-2.59,36.01,36.32,-0.52,0.92,0.64
6.739,2,0.508,-0.05,-0.27,0.82,133.33,-11.21,-30.23,0.1,-0.1,0.01,4.09,22.58,-4.58,-22.28,0.22,-0.61,0.79
6.742,6,-0.053,-0.19,-0.12,-0.97,185.02,-20.65,15.36,1.23,-0.17,0.11,3.96,21.06,65.46,-37.38,-0.72,0.06,1.57
6.816,1,-0.985,0.06,0.04,-0.16,32.34,-3.83,-7.98,0.1,0.22,0.32,4.09,32.96,-0.92,166.93,0.16,-0.43,1.31
6.818,3,-0.768,-0.14,-0.05,-0.62,91.45,-5.27,16.13,0.08,-0.13,0.37,4.09,-2.9,30.67,157.01,0.28,0.35,1.35
6.821,7,-0.43,-0.14,0.27,0.85,247.67,0.18,34.83,-0.4,-0.37,1.11,4.09,0.76,-66.22,50.81,-0.05,0.67,2
6.824,4,0.087,-0.16,-0.43,0.89,176.79,11.99,-53.29,-0.05,0.06,0.03,3.94,11.44,-22.13,8.39,-0.19,-0.93,0.68
6.828,0,-0.928,0.03,-0.12,-0.35,55.66,13.79,1.18,-0.26,0.11,-0.01,4.09,10.38,2.29,9.31,-0.49,0.06,0.92
6.829,5,0.826,0.45,0.08,-0.33,342.69,25.41,50.11,-0.06,0.01,-0.01,4.01,-50.96,-13.89,-0.76,-0.47,0.65,0.6
6.833,2,0.501,-0.05,-0.26,0.82,134.26,-10.92,-29.28,-0.17,0.05,-0.23,4.09,11.9,-14.8,9.77,0.21,-0.25,0.73
6.834,6,-0.042,-0.07,-0.12,-0.99,188.3,-6.91,14.35,-0.31,-0.49,0.41,3.96,-41.81,136.87,94.76,0.5,-0.06,1.43
6.919,1,-0.965,0.05,0.04,-0.25,43.67,-3.31,-6.31,0.02,-0.16,-0.1,4.09,23.8,-29.91,128.63,0.14,0.04,0.9
6.92,3,-0.73,-0.13,-0.07,-0.67,98.26,-4.07,16.84,-0.11,0.12,-0.11,4.09,25.02,21.06,-10.99,-0.09,0.35,0.85
6.925,7,-0.494,-0.09,0.27,0.82,253.98,-6.92,31.75,0.18,0.18,0.04,4.09,-37.99,-45.62,76.9,0.25,0.81,0.7
6.927,4,0.071,-0.16,-0.42,0.89,178.72,12.59,-52.22,-0.01,-0.02,0.03,3.94,-2.14,-9.16,28.53,-0.2,-0.67,0.56
6.93,0,-0.92,0.03,-0.12,-0.37,58.18,14.45,2.06,-0.2,0.06,-0.11,4.09,-10.22,7.32,43.49,-0.41,0.14,0.81
6.932,5,0.841,0.42,0.08,-0.33,341.72,24.66,45.83,-0.08,0.04,0.05,4.01,-26.55,-2.44,16.02,-0.48,0.68,0.72
6.935,2,0.514,-0.03,-0.26,0.82,132.92,-12.8,-27.78,0.17,-0.06,0.11,4.09,7.02,-7.93,5.95,0.21,-0.66,0.89
6.937,6,0.082,0.04,-0.07,-0.99,203.72,3.61,8.66,-0.46,0.26,0.03,3.96,-51.12,138.4,146.79,0.44,0.33,0.98
7.037,1,-0.944,0.03,0.04,-0.32,52.14,-3.64,-4.79,0.06,-0.15,-0.09,4.09,29.45,-7.17,80.41,0.21,0.03,0.89
7.039,3,-0.728,-0.12,-0.08,-0.67,99.07,-1.91,16.5,-0.13,0.12,-0.1,4.09,-24.72,20.75,-21.82,-0.12,0.35,0.82
7.044,7,-0.522,-0.02,0.27,0.81,256.19,-14.17,28.09,-0,-0.22,-0.01,4.09,-35.1,-38.76,82.7,0.07,0.35,0.9
7.045,4,0.045,-0.16,-0.42,0.89,181.34,14.11,-51.94,-0.01,0.01,0.01,3.94,1.68,-14.95,29.45,-0.26,-0.67,0.56
7.049,0,-0.903,0.04,-0.13,-0.41,62.82,15.57,2.51,-0.15,0.06,-0.07,4.09,-17.4,13.12,42.57,-0.39,0.11,0.85
7.05,5,0.852,0.41,0.08,-0.32,343.1,23.6,44.62,0,0.04,0.13,4.01,-7.48,8.7,14.8,-0.39,0.56,0.67
7.054,2,0.487,-0.03,-0.26,0.83,136.34,-11.49,-28.33,-0.05,0.06,-0.09,4.09,4.27,-2.44,25.94,0.15,-0.38,0.85
7.058,6,0.165,0.11,-0.02,-0.98,213.69,12.51,4.81,-0.33,0.22,-0.33,3.96,-50.81,50.35,15.11,0.18,0.11,0.76
7.122,1,-0.925,0.01,0.04,-0.38,58.56,-3.8,-2.48,0.15,-0.15,-0.15,4.09,23.65,-21.97,46.69,0.22,-0.01,0.88
7.125,3,-0.739,-0.1,-0.09,-0.66,97.66,0.25,14.98,-0,0.16,-0.1,4.09,-12.97,21.06,11.44,-0.15,0.21,0.86
7.129,7,-0.579,0.04,0.26,0.77,263.6,-20.88,22.32,0.22,-0.07,0.05,4.09,-30.98,-22.74,76.9,0.28,0.54,0.91
7.13,4,0.022,-0.16,-0.42,0.89,183.7,15.44,-52.1,0,-0.02,0.05,3.94,-9.46,-11.14,20.9,-0.25,-0.72,0.54
7.134,0,-0.888,0.05,-0.14,-0.44,66.7,16.88,2.13,-0.09,0.04,-0.1,4.09,-17.85,6.41,39.06,-0.33,0.07,0.84
7.135,5,0.856,0.42,0.08,-0.3,345.26,22.71,45.86,-0.06,0.02,-0.02,4.01,10.83,11.9,31.74,-0.43,0.79,0.71
7.226,1,-0.908,-0.02,0.03,-0.42,63.28,-4.26,0.1,0.31,-0.17,-0.06,4.09,42.11,-4.88,57.22,0.4,-0.12,0.91
7.228,6,0.232,0.14,0.02,-0.96,221.37,16.23,1.65,0.04,0.14,-0.24,3.96,-23.8,18.77,137.63,-0.17,0.1,0.79
7.232,7,-0.628,0.09,0.24,0.73,271.5,-25.59,16.09,-0.16,-0.09,0.07,4.09,-36.16,-27.62,87.89,0.42,0.18,0.99
7.233,3,-0.731,-0.09,-0.09,-0.67,99.17,1.07,14.85,0.05,0.14,-0.06,4.09,-1.37,8.39,12.36,-0.19,0.17,0.93
7.237,0,-0.873,0.05,-0.14,-0.47,70.48,16.6,2.02,-0.08,-0.1,0.07,4.09,-18.16,-6.56,44.25,-0.28,0.16,1.03
7.238,4,-0.002,-0.16,-0.43,0.89,186.12,16.27,-53.28,-0.02,0.03,0.09,3.94,-29.14,-17.09,18.01,-0.31,-0.77,0.59
7.243,2,0.45,-0.03,-0.27,0.85,141.21,-10.95,-29.35,0.12,-0.05,-0.01,4.09,9.92,-9.92,-2.59,0.15,-0.6,0.79
7.244,5,0.854,0.43,0.08,-0.28,348.22,22.26,48.46,0.01,-0.1,-0.12,4.01,14.65,29.45,12.97,-0.48,0.5,0.64
7.337,1,-0.887,-0.04,0.03,-0.46,68.67,-5.35,2.31,0.21,-0.21,0.16,4.09,28.23,12.66,68.36,0.42,0.01,1.09
7.339,6,0.313,0.14,0.03,-0.94,231.19,16.36,1.78,0.12,-0.05,0.13,3.96,-29.6,-9,80.11,-0.47,0.07,1.07
7.344,7,-0.673,0.13,0.23,0.69,280.09,-29.48,9.43,0.29,-0.45,0,4.09,-10.22,-3.36,93.38,0.08,0.43,1.05
7.345,3,-0.709,-0.08,-0.1,-0.69,103.06,1.59,14.1,0.07,-0.02,0.03,4.09,-14.5,10.38,57.53,-0.01,0.19,1.02
7.349,0,-0.858,0.05,-0.12,-0.5,74.42,15.21,1.91,0.04,0.02,0.15,4.09,-14.65,-12.97,58.75,-0.33,-0.01,1.09
7.35,4,-0.025,-0.15,-0.46,0.88,188.66,16.39,-55.73,-0.01,0.01,-0.01,3.94,-23.8,-29.6,17.24,-0.28,-0.77,0.56
7.354,2,0.444,-0.02,-0.26,0.86,142.21,-11.71,-28.57,0.21,-0.08,0.12,4.09,22.89,-10.53,15.41,0.17,-0.73,0.87
7.355,5,0.849,0.45,0.09,-0.26,351.76,23.05,51.48,-0.02,-0.05,-0.04,4.01,3.2,29.45,19.99,-0.44,0.82,0.63
7.426,1,-0.87,-0.03,0.03,-0.49,72.73,-5.16,1.63,-0.17,-0.02,0,4.09,-42.42,3.05,5.49,-0.01,0.11,0.99
7.427,6,0.386,0.14,0.05,-0.91,240.12,16.56,1.24,-0.01,0.17,-0.06,3.96,-36.77,-5.65,64.54,-0.1,0.13,0.9
7.431,7,-0.716,0.11,0.2,0.66,287.28,-25.93,6.47,-0.01,-0.82,-0.05,4.09,23.96,125.58,15.56,-0.31,0.11,1.2
7.432,3,-0.675,-0.08,-0.09,-0.73,108.44,0.7,13.68,0.06,0,0.19,4.09,4.43,-4.73,48.68,-0.04,0.23,1.16
7.436,0,-0.841,0.05,-0.11,-0.53,78.46,13.89,1.81,-0.32,0.04,0,4.09,-9.46,-1.83,47.61,-0.42,0.28,0.91
7.437,4,-0.052,-0.13,-0.47,0.87,192.41,15.55,-56.61,-0.01,0.06,-0.15,3.94,4.43,-44.4,3.66,-0.21,-0.69,0.53
7.442,2,0.419,-0,-0.26,0.87,145.74,-12.35,-27.54,-0.11,0.05,-0.01,4.09,13.73,-26.4,41.05,0.24,-0.34,0.9
7.443,5,0.853,0.45,0.11,-0.24,354.11,24.08,51.2,0.09,-0.05,-0,4.01,-37.84,19.23,-6.71,-0.34,0.79,0.54
7.528,1,-0.872,-0.01,0.03,-0.49,72.55,-3.01,-0.62,-0.09,-0.22,0.06,4.09,-21.36,32.65,-17.09,0.21,0.19,1
7.529,6,0.417,0.12,0.04,-0.9,243.96,14.32,1.89,-0.03,0.58,-0.03,3.96,14.5,-0.76,20.29,0.46,0.35,0.78
7.533,7,-0.763,0.01,0.13,0.63,293.74,-11.67,8.87,-0.24,0.03,0.3,4.09,88.5,110.32,24.41,0.18,0,1.3
7.535,3,-0.652,-0.11,-0.08,-0.75,111.43,-2.91,15.07,-0,0.02,0.17,4.09,-2.14,-19.53,6.26,0.02,0.34,1.09
7.538,0,-0.819,0.06,-0.11,-0.56,82.75,15.05,1.33,-0.3,0.12,-0.11,4.09,-25.63,29.91,34.94,-0.42,0.27,0.74
7.54,4,-0.071,-0.1,-0.46,0.88,196.08,13.77,-54.77,-0.06,0.1,-0.01,3.94,8.24,-38.45,7.32,-0.15,-0.79,0.63
7.544,2,0.374,0.01,-0.25,0.89,151.29,-11.49,-27.15,-0.09,0.16,-0.08,4.09,11.29,-9,66.53,0.13,-0.24,0.89
7.545,5,0.866,0.42,0.14,-0.23,355.76,25.67,47.79,-0.14,0,0.02,4.01,-32.2,29.6,7.02,-0.57,0.62,0.63
7.645,1,-0.885,-0,0.03,-0.46,69.48,-2.84,-1.15,-0.04,-0.17,-0.03,4.09,7.93,-19.68,-28.08,0.23,0.09,0.92
7.646,6,0.395,0.07,0.02,-0.92,240.85,7.85,1.39,-0.02,0.32,0.03,3.96,-11.6,-58.14,79.96,-0.02,0.35,1.05
7.651,7,-0.767,-0.12,0.09,0.62,296.03,1.25,17.27,-0.2,0.2,0.12,4.09,79.5,129.24,-42.42,0.15,0.09,1.08
7.653,3,-0.668,-0.11,-0.08,-0.73,108.71,-3.22,15.55,-0.15,0.14,-0.12,4.09,19.68,-28.38,-55.24,-0.07,0.39,0.84
7.66,0,-0.805,0.08,-0.12,-0.57,85.26,16.71,1.19,-0.2,0.05,-0.06,4.09,-10.53,13.43,25.02,-0.38,0.19,0.86
7.661,4,-0.086,-0.08,-0.46,0.88,198.75,12.63,-54.05,-0.06,0.08,-0.07,3.94,-10.99,-20.14,5.19,-0.16,-0.91,0.65
7.665,2,0.327,0.01,-0.26,0.91,157.11,-10.72,-28.21,-0.01,0.03,-0.04,4.09,-10.38,-23.35,41.81,0.18,-0.45,0.84
7.667,5,0.87,0.42,0.16,-0.21,358.49,26.74,47.3,-0.08,-0.02,0.05,4.01,-12.21,26.09,14.5,-0.54,0.68,0.62
7.728,1,-0.893,-0.01,0.04,-0.45,67.38,-4.72,-0.94,-0.02,-0.08,0.01,4.09,-1.53,-6.1,-13.89,0.14,0.05,1.01
7.73,6,0.424,0.03,-0,-0.91,244.28,2.79,1.58,0.05,0.09,-0.01,3.96,3.36,-45.78,-22.28,0.05,0.04,1
7.735,7,-0.742,-0.23,0.05,0.63,296.51,12.82,24.65,-0.09,0.35,-0.17,4.09,70.65,86.06,-40.13,0.1,0.26,0.81
7.737,3,-0.7,-0.14,-0.08,-0.69,102.82,-4.72,18.58,-0.06,0.1,0.01,4.09,22.89,-30.21,-32.35,0.02,0.37,0.96
7.743,0,-0.796,0.08,-0.13,-0.59,86.94,17.7,1.77,-0.19,0.01,-0.07,4.09,-6.26,13.12,18.01,-0.35,0.2,0.86
7.744,4,-0.103,-0.07,-0.46,0.88,201.02,12.39,-54.42,-0.01,0.07,-0.07,3.94,-9.61,-15.56,10.07,-0.15,-0.71,0.59
7.777,2,0.285,0.01,-0.27,0.92,162.42,-10.35,-30.12,0.04,0.09,-0.06,4.09,-6.41,-12.05,40.44,0.09,-0.42,0.83
7.778,5,0.872,0.41,0.17,-0.2,0.87,27.71,47.49,-0.02,0.03,0.2,4.01,-6.41,25.63,1.98,-0.53,0.59,0.58
7.832,1,-0.896,-0.01,0.04,-0.44,66.54,-4.53,-1.43,0.01,-0.21,-0.06,4.09,-16.78,3.97,-10.68,0.25,0.09,0.92
7.834,6,0.404,-0.01,-0.03,-0.91,241.63,-3.17,2.99,-0.1,-0.02,0.02,3.96,14.65,-61.95,-14.65,0.12,-0.04,1.01
7.84,7,-0.706,-0.3,0.04,0.64,295.09,19.67,30.14,0.04,0.13,-0.56,4.09,33.57,-12.36,-52.95,-0.11,0.28,0.48
7.842,3,-0.715,-0.18,-0.08,-0.67,99.13,-6.85,21.31,-0.04,0.07,-0.04,4.09,17.85,-26.09,-26.4,0.04,0.41,0.89
7.846,0,-0.792,0.08,-0.14,-0.59,87.71,18.14,2.61,-0.21,0.02,-0.07,4.09,0,1.98,3.97,-0.36,0.24,0.85
7.848,4,-0.116,-0.06,-0.47,0.87,202.6,12.55,-55.56,-0.04,0.09,0,3.94,-25.18,-13.89,4.88,-0.15,-0.79,0.62
7.852,2,0.265,0.02,-0.28,0.92,164.89,-10.5,-31.46,0.07,0.04,-0.01,4.09,-15.72,-18.62,16.48,0.11,-0.51,0.85
7.854,5,0.87,0.42,0.19,-0.18,3.61,28.59,48.81,-0.06,0.01,0.16,4.01,3.36,25.94,12.21,-0.58,0.73,0.67
7.937,1,-0.897,0.01,0.05,-0.44,66.24,-4.7,-3.59,-0.01,-0.33,0.02,4.09,-32.96,-3.97,-18.77,0.33,0.16,1.03
7.938,6,0.383,-0.06,-0.07,-0.92,238.87,-9.96,4.95,0.07,-0.03,0.02,3.96,19.99,-78.74,-25.48,0.09,0.09,1.03
7.945,7,-0.677,-0.32,0.06,0.66,291.27,19.31,33.08,0.03,-0.29,0.24,4.09,40.59,-9.46,-46.69,-0.65,0.64,0.84
7.947,3,-0.723,-0.2,-0.08,-0.66,96.87,-8.09,23.67,0.01,0.07,-0.06,4.09,18.31,-14.5,16.33,0.07,0.37,0.86
7.952,0,-0.796,0.06,-0.14,-0.59,87.35,17.45,3.89,-0.15,-0.02,0.09,4.09,6.41,-6.87,3.05,-0.34,0.2,1.05
7.953,4,-0.127,-0.05,-0.49,0.86,203.85,12.45,-58.07,-0.09,-0.04,0.16,3.94,-37.08,-11.44,7.17,-0.17,-0.84,0.51
7.958,2,0.253,0.02,-0.3,0.92,166.61,-11.27,-33.09,-0,-0.06,0.02,4.09,-3.66,-14.65,-11.44,0.23,-0.61,0.8
7.96,5,0.863,0.43,0.2,-0.17,6.37,29.17,51.38,-0.03,0.05,-0,4.01,19.53,19.68,15.41,-0.5,0.62,0.52
8.036,1,-0.902,0.02,0.06,-0.43,64.86,-4.82,-4.77,0.19,-0.03,0.34,4.09,-21.67,11.14,-19.68,0.3,-0.27,1.37
8.038,6,0.352,-0.1,-0.11,-0.92,234.69,-15.82,8.31,-0.03,-0.06,0.01,3.96,25.02,-52.64,-41.35,0.28,0.09,0.97
8.044,7,-0.635,-0.31,0.08,0.7,283.72,19.11,32.27,-0.39,-0.45,1.04,4.09,15.41,-63.48,-57.53,-1.2,0.61,1.88
8.045,4,-0.134,-0.04,-0.51,0.85,204.84,12.14,-61.29,-0.09,0.07,-0,3.94,-26.86,-10.53,-3.81,-0.15,-0.88,0.52
8.049,0,-0.795,0.06,-0.14,-0.59,87.7,16.7,4.21,-0.13,-0.03,0.32,4.09,-2.59,9.46,27.47,-0.41,0.21,1.2
8.05,5,0.855,0.45,0.21,-0.16,8.52,29.81,53.73,-0.04,-0.02,-0,4.01,-5.49,13.12,-6.56,-0.48,0.64,0.45
8.053,2,0.26,0.04,-0.3,0.92,166.2,-12.88,-32.94,0.1,-0.19,0.25,4.09,27.01,-10.07,-10.22,0.26,-0.84,0.89
8.055,6,0.325,-0.13,-0.15,-0.92,230.73,-19.78,11.77,0.13,-0.27,0.23,3.96,28.84,-23.35,-19.23,0.18,0.07,1.3
8.131,1,-0.9,0.03,0.05,-0.43,65.48,-3.3,-5.16,0.12,-0.01,-0.11,4.09,12.66,2.14,63.02,0.06,-0.18,0.92
8.133,3,-0.698,-0.24,-0.08,-0.67,98.87,-11.81,26.92,0.03,0.02,0.23,4.09,15.26,-2.44,5.04,0.23,0.5,1.12
8.136,7,-0.677,-0.28,0.1,0.67,288.06,13.28,31.82,-0.11,0.07,0.08,4.09,-47,-65.77,139.01,-0.13,0.52,1.1
8.137,4,-0.135,-0.03,-0.52,0.84,205.44,11.29,-61.77,0.05,0.07,-0.07,3.94,23.04,-14.5,-14.65,-0.17,-0.8,0.53
8.141,0,-0.792,0.06,-0.13,-0.59,88.04,16.72,3.33,-0.12,0.22,-0.06,4.09,-14.19,-3.97,13.89,-0.51,0.09,0.83
8.143,5,0.86,0.43,0.22,-0.16,8.27,30.83,51.75,-0.11,-0.04,0.04,4.01,-31.13,-0.92,-5.95,-0.65,0.7,0.54
8.146,2,0.26,0.04,-0.29,0.92,166.25,-13.3,-31.52,0.04,-0.04,-0.03,4.09,11.6,-7.17,0.61,0.19,-0.57,0.73
8.148,6,0.322,-0.13,-0.17,-0.92,229.97,-20.11,14.42,0.32,-0.5,-0.02,3.96,22.13,41.5,3.81,-0.23,0,1.09
8.237,1,-0.868,0.01,0.02,-0.5,73.54,-1.43,-2.31,0.13,0.08,-0.02,4.09,51.27,37.69,133.21,0.06,-0.17,0.96
8.239,3,-0.692,-0.23,-0.08,-0.68,100.06,-12.17,26.05,-0.07,0.06,0.07,4.09,-16.02,7.02,12.21,0.14,0.5,0.92
8.243,7,-0.749,-0.21,0.14,0.61,296.32,2.94,29.42,0.21,0.23,0.09,4.09,-19.68,-55.39,94.6,0.16,0.72,0.89
8.245,4,-0.13,-0.03,-0.49,0.86,205.69,9.88,-58.5,-0.04,0.04,-0,3.94,37.08,-15.11,6.26,-0.14,-0.75,0.61
8.248,0,-0.781,0.08,-0.13,-0.61,90.11,17.33,2.54,-0.17,0.18,-0.07,4.09,-19.53,13.89,39.83,-0.48,0.16,0.82
8.249,5,0.872,0.41,0.22,-0.16,7.12,31.19,48.05,-0.07,0.12,0.14,4.01,-30.21,-1.37,-4.43,-0.56,0.65,0.74
8.261,2,0.24,0.04,-0.29,0.93,168.6,-12.52,-31.42,0,0.2,-0.16,4.09,16.17,1.07,27.01,0.11,-0.27,0.8
8.262,6,0.354,-0.05,-0.15,-0.92,234.62,-11.26,14.84,-0.21,-0.33,0.13,3.96,-1.83,125.58,48.37,0.31,-0.1,1.19
8.352,1,-0.816,-0,-0,-0.58,84.58,0.02,0.33,0.12,-0.16,0,4.09,27.47,-1.98,136.57,0.18,-0.04,1
8.353,3,-0.697,-0.23,-0.07,-0.67,99.34,-12.07,25.7,-0.05,0.23,-0.13,4.09,14.19,-10.53,-12.97,-0,0.42,0.8
8.357,7,-0.793,-0.16,0.18,0.56,302.1,-5.94,27.27,-0.08,0.01,-0.02,4.09,-30.36,-43.64,142.36,0.11,0.4,0.96
8.359,4,-0.136,-0.02,-0.47,0.87,206.66,9.73,-56.14,-0.09,-0,0.14,3.94,8.39,-5.8,8.7,-0.11,-0.66,0.58
8.362,0,-0.761,0.09,-0.13,-0.63,93.49,18.46,1.93,-0.19,0.1,-0.03,4.09,-24.87,7.78,35.86,-0.43,0.19,0.85
8.363,6,0.449,0.02,-0.09,-0.89,247.36,-2.6,9.89,-0.31,0.12,0.21,3.96,-60.88,104.06,156.4,0.33,0.04,1.2
8.367,2,0.226,0.04,-0.27,0.93,169.9,-11.49,-30.19,0.1,0.06,0.01,4.09,6.71,0.31,27.92,0.09,-0.49,0.88
8.368,3,-0.717,-0.25,-0.08,-0.64,94.87,-12.21,28.54,0.07,0.17,-0.05,4.09,19.53,-23.04,-43.64,0.05,0.35,0.86
8.435,1,-0.76,-0.02,-0,-0.65,95.08,-1.42,1.95,-0.05,-0.08,-0.09,4.09,22.89,-10.83,104.83,0.11,0.08,0.89
8.436,4,-0.142,-0.02,-0.47,0.87,207.29,10.07,-55.05,-0.05,0.04,-0.02,3.94,-1.07,-9.31,0.31,-0.12,-0.75,0.57
8.44,7,-0.844,-0.09,0.21,0.49,311.28,-14.96,21.65,0.35,-0.19,0.01,4.09,-32.5,-60.73,47.3,0.22,0.67,0.81
8.441,5,0.886,0.37,0.23,-0.17,5.09,32.05,42.39,-0.07,0,0.02,4.01,-9.16,2.44,-2.9,-0.63,0.62,0.66
8.445,0,-0.744,0.1,-0.13,-0.65,96.16,19.29,0.89,-0.06,0.13,-0.09,4.09,-29.3,11.44,35.86,-0.44,0.05,0.8
8.446,6,0.562,0.07,0,-0.82,262.92,6.95,4.59,0.1,0.27,0.09,3.96,-58.9,121.61,82.09,0.09,0.25,1.06
8.45,2,0.206,0.03,-0.27,0.94,171.89,-9.34,-29.7,0.08,0.1,-0.06,4.09,3.66,2.75,11.29,0.04,-0.44,0.87
8.451,3,-0.731,-0.27,-0.08,-0.62,91.38,-12.78,30.25,0.05,0.14,-0.16,4.09,12.21,-17.24,-7.17,0.06,0.35,0.78
8.552,1,-0.714,-0.04,-0.01,-0.7,102.8,-2.57,3.95,0.16,-0.17,-0.05,4.09,36.01,-29.91,99.49,0.25,-0.07,0.96
8.553,4,-0.144,-0.02,-0.47,0.87,207.73,9.77,-55.22,0.02,0.07,-0.08,3.94,-17.7,-12.66,-12.97,-0.14,-0.71,0.55
8.557,7,-0.87,-0.03,0.23,0.43,318.09,-22.64,15.79,-0.13,-0.2,-0.11,4.09,-32.96,-39.67,188.45,0.13,0.26,0.87
8.559,5,0.883,0.37,0.24,-0.17,5.01,32.81,42.48,-0.14,0.12,-0.06,4.01,18.31,13.43,5.34,-0.59,0.51,0.74
8.562,0,-0.725,0.12,-0.13,-0.67,98.98,20.39,-0.59,-0.1,0.09,-0.06,4.09,-30.82,6.1,37.69,-0.41,0.07,0.86
8.564,6,0.596,0.11,0.1,-0.79,267.78,16.98,-2.31,-0.16,0.31,-0.1,3.96,-98.57,81.63,100.1,0.08,-0.06,0.94
8.567,2,0.195,0.01,-0.26,0.95,172.67,-7.2,-29.02,0.08,0.01,-0.01,4.09,1.37,7.78,22.74,0.04,-0.49,0.85
8.569,3,-0.718,-0.28,-0.07,-0.63,92.65,-14.79,30.74,0.05,0.13,-0.1,4.09,2.14,-2.59,52.64,0.13,0.39,0.84
8.661,1,-0.663,-0.06,-0.01,-0.75,110.56,-4.42,5.76,-0.15,-0.32,0,4.09,36.47,-2.14,77.36,0.41,0.22,0.96
8.663,4,-0.144,-0,-0.48,0.87,208.56,7.98,-56.79,0.07,0.13,-0.13,3.94,-27.16,-24.72,-22.43,-0.13,-0.76,0.57
8.668,7,-0.913,0.02,0.25,0.32,333.34,-28.15,7.6,-0.13,-0.24,0.04,4.09,-0.92,-15.11,128.17,0.26,0.2,1.02
8.669,5,0.872,0.39,0.24,-0.17,6.81,33.95,45.83,-0.04,0.04,-0.08,4.01,23.35,22.89,4.58,-0.62,0.56,0.63
8.674,0,-0.706,0.13,-0.12,-0.69,102.05,20.38,-1.61,-0.07,-0.01,0.05,4.09,-23.19,0.92,33.72,-0.36,0.04,0.99
8.676,6,0.667,0.12,0.18,-0.71,278.89,23.99,-5.79,-0.04,0.24,-0.32,3.96,-69.89,16.33,79.5,-0.09,-0.1,0.73
8.68,2,0.192,-0,-0.25,0.95,172.37,-4.93,-28.16,0.08,-0.12,0.08,4.09,4.88,17.4,-8.24,0.07,-0.67,0.9
8.682,3,-0.682,-0.28,-0.04,-0.67,98.82,-18.52,27.76,-0.03,0.03,0.18,4.09,9,-10.07,24.11,0.36,0.56,1
8.73,1,-0.622,-0.08,-0.03,-0.78,116.39,-4.86,8.89,-0.03,-0.32,0.27,4.09,41.96,8.54,47,0.45,0.19,1.19
8.731,4,-0.144,0.03,-0.49,0.86,210.06,5.37,-58.66,-0.08,-0.03,0.04,3.94,-9.46,-30.21,-10.53,-0.01,-0.88,0.5
8.736,7,-0.937,0.05,0.25,0.24,345.12,-29.44,1.17,-0.27,-0.5,0.09,4.09,-12.82,16.02,76.14,0.11,0.31,1.2
8.738,5,0.863,0.4,0.26,-0.17,8.53,35.24,48.17,-0.02,-0.03,0.05,4.01,-2.9,13.58,2.29,-0.62,0.64,0.53
8.744,0,-0.692,0.13,-0.11,-0.7,104.57,19.39,-1.79,-0.13,-0.09,0.18,4.09,-9.46,-13.58,31.89,-0.3,0.1,1.15
8.746,6,0.707,0.09,0.21,-0.67,284.98,24.53,-9.69,-0.01,0.1,-0.1,3.96,-56.92,-31.43,28.99,-0.26,-0.1,0.85
8.859,1,-0.61,-0.08,-0.06,-0.79,118.17,-3.38,10.94,-0.16,-0.08,0.01,4.09,-8.39,14.04,-20.75,0.17,0.3,0.92
8.861,3,-0.673,-0.29,-0.05,-0.68,99.37,-19.32,29.21,0.15,-0.07,0.15,4.09,5.8,-1.98,10.68,0.46,0.41,1
8.866,7,-0.952,0.07,0.21,0.21,349.66,-25.69,-2.8,-0.38,-0.59,-0.12,4.09,-1.22,84.53,-31.89,-0.16,0.25,1.07
8.867,4,-0.149,0.05,-0.48,0.86,211.92,3.05,-57.73,-0.02,-0.02,0.01,3.94,28.99,-29.3,-17.4,0,-0.91,0.57
8.872,0,-0.69,0.12,-0.1,-0.71,105.32,17.57,-0.97,-0.27,0.19,-0.01,4.09,13.43,-12.66,6.1,-0.46,0.25,0.89
8.873,5,0.869,0.39,0.26,-0.16,8.99,35.46,46.45,0.03,-0,0,4.01,-37.84,-0.46,-10.99,-0.56,0.6,0.56
8.878,2,0.223,-0.02,-0.21,0.95,168.31,-2.82,-24.13,0.02,0.02,-0.01,4.09,31.28,10.07,-34.03,0.01,-0.38,0.85
8.88,6,0.723,0.03,0.19,-0.66,286.99,18.47,-12.54,0.64,-0.02,1.03,3.96,-2.29,-28.84,97.66,-0.34,0.63,1.55
8.961,1,-0.646,-0.05,-0.06,-0.76,113.26,0.03,8.95,-0,0,0.07,4.09,-45.47,51.73,-107.27,0.03,0.15,1.05
8.963,3,-0.661,-0.29,-0.05,-0.69,101.53,-19.69,28.4,-0.04,-0.05,0.17,4.09,-4.58,20.9,20.14,0.42,0.55,0.91
8.968,7,-0.962,0.04,0.12,0.24,346.06,-14.56,-1.6,0.57,-0.32,0.34,4.09,47.76,100.56,-48.37,0.59,0.48,1.24
8.97,4,-0.149,0.07,-0.45,0.88,212.83,1.01,-53.78,-0.04,0.11,-0.08,3.94,32.96,-13.89,-5.34,0.04,-0.81,0.62
8.974,0,-0.7,0.1,-0.11,-0.7,104.04,16.91,0.34,-0.09,0.28,-0.02,4.09,1.22,3.2,-9.77,-0.54,0.09,0.84
8.976,5,0.883,0.35,0.26,-0.16,6.63,35.16,41.24,0.06,-0.02,-0.02,4.01,-42.57,-21.67,-14.04,-0.56,0.53,0.62
8.98,2,0.243,-0.03,-0.18,0.95,165.86,-2.35,-21.15,0.06,0.11,-0.11,4.09,30.36,9.16,-17.4,-0.06,-0.27,0.85
8.982,6,0.691,-0.01,0.13,-0.71,281.51,9.55,-11.75,-0.69,0.38,0.54,3.96,7.93,-102.69,-39.83,0.06,-0.91,1.4
9.045,1,-0.698,-0.02,-0.06,-0.71,105.39,3.02,6.44,-0.22,-0.09,-0.12,4.09,-8.7,-15.72,-91.55,0.08,0.31,0.85
9.046,3,-0.66,-0.28,-0.06,-0.7,102.67,-17.58,28.23,0.02,0.29,-0.18,4.09,9.46,10.83,-11.9,-0.04,0.35,0.79
9.05,7,-0.928,-0.06,0.06,0.36,331.03,-3.6,8.72,-0.27,0.56,0.18,4.09,67.9,110.47,-164.95,0.24,-0.42,1.22
9.051,5,0.894,0.33,0.25,-0.17,3.88,34.52,36.98,-0.11,0.05,0.19,4.01,-11.44,-4.73,-0.31,-0.58,0.59,0.8
9.055,0,-0.708,0.11,-0.12,-0.69,102.49,18.16,0.74,-0.1,0.19,-0.09,4.09,2.14,13.12,-4.27,-0.46,0.1,0.8
9.056,4,-0.148,0.07,-0.43,0.89,212.71,0.63,-51.94,-0.09,0.03,-0.04,3.94,9.31,-2.75,-11.44,0.08,-0.8,0.59
9.061,2,0.238,-0.03,-0.16,0.96,166.32,-1.33,-18.99,0.07,0.03,-0.07,4.09,9.46,7.48,26.25,-0.06,-0.3,0.87
9.063,6,0.691,-0.05,0.07,-0.72,281.84,1.63,-10.29,0.1,0.14,-0.03,3.96,29.45,-68.97,-72.78,0.19,-0.15,0.93
9.146,1,-0.737,-0.02,-0.05,-0.67,99.05,3.04,5.7,0.06,-0.12,-0.04,4.09,-5.65,-14.65,-63.17,0.1,0.06,0.92
9.147,3,-0.65,-0.27,-0.06,-0.71,104.39,-17.78,27.66,0.1,0.18,-0.04,4.09,-18.01,6.26,32.96,0.12,0.36,0.91
9.151,7,-0.903,-0.15,-0.02,0.4,327.02,8.53,14.78,0.35,0.23,-0.06,4.09,75.23,99.49,-30.21,0.26,0.38,0.93
9.152,5,0.895,0.32,0.26,-0.18,2.96,34.89,35.77,-0.04,-0.01,-0.05,4.01,-0.46,6.87,-8.24,-0.7,0.44,0.71
9.155,0,-0.718,0.11,-0.13,-0.67,100.61,19.91,1.22,-0.18,0.16,-0.07,4.09,4.73,6.87,-18.01,-0.47,0.19,0.83
9.157,4,-0.144,0.07,-0.42,0.89,212.69,-0.58,-50.92,-0.09,-0.02,0.06,3.94,-1.53,-11.75,-8.7,0.04,-0.73,0.62
9.162,2,0.221,-0.04,-0.15,0.96,168.15,0.01,-18.2,0.02,0.12,-0.07,4.09,7.78,-3.05,9.61,-0.07,-0.22,0.91
9.163,6,0.681,-0.08,0.02,-0.73,280.55,-5.11,-7.9,0.07,0.04,-0.02,3.96,21.97,-61.65,1.83,0.11,-0.06,1.01
9.24,1,-0.762,-0.02,-0.04,-0.65,94.77,2.28,5.04,-0.08,-0.18,0.03,4.09,-4.58,-11.6,-55.08,0.13,0.19,1.02
9.242,3,-0.65,-0.26,-0.06,-0.71,105.06,-16.93,26.69,-0.03,0.13,-0.08,4.09,6.41,-5.65,-5.19,0.14,0.44,0.82
9.246,7,-0.864,-0.21,-0.05,0.45,321.57,16.44,19.37,0.06,0.32,-0.56,4.09,24.57,5.8,-92.01,0.12,0.05,0.52
9.248,4,-0.139,0.08,-0.43,0.89,212.37,-1.22,-51.87,-0.07,-0.03,0.04,3.94,-19.38,0,-4.27,0.03,-0.73,0.56
9.251,0,-0.733,0.11,-0.15,-0.66,97.99,21.03,1.64,-0.09,0.09,-0.02,4.09,10.07,7.32,-23.04,-0.45,0.1,0.87
9.252,5,0.892,0.32,0.26,-0.18,2.83,35.65,35.94,-0.06,0.02,0.13,4.01,8.09,7.48,-5.49,-0.6,0.43,0.65
9.271,2,0.208,-0.04,-0.15,0.97,169.7,0.59,-17.42,0.04,-0.03,-0.02,4.09,4.73,-3.66,23.04,-0.04,-0.31,0.92
9.272,6,0.653,-0.1,-0.04,-0.75,276.75,-11.87,-4.7,0.06,-0.06,0.04,3.96,22.43,-58.44,-92.32,0.16,-0.06,1.02
9.36,1,-0.786,-0.01,-0.03,-0.62,90.42,2.25,3.24,0.03,-0.31,-0.13,4.09,-31.59,-14.5,-52.8,0.28,0.1,0.89
9.362,3,-0.655,-0.27,-0.07,-0.7,103.87,-16.34,28.29,0,0.11,-0.02,4.09,15.41,-3.97,-9.46,0.18,0.46,0.85
9.366,7,-0.826,-0.22,-0.04,0.52,313.02,16.8,20.17,-0.09,-0.36,0.14,4.09,42.42,4.12,-36.93,-0.62,0.47,0.82
9.367,4,-0.133,0.08,-0.44,0.88,212.05,-1.62,-53.72,-0.09,-0,0.09,3.94,-19.23,-5.04,-1.83,0.01,-0.76,0.59
9.371,0,-0.755,0.11,-0.15,-0.63,93.89,21.26,1.68,-0.11,0.04,-0.01,4.09,17.85,-13.28,-41.05,-0.41,0.12,0.92
9.372,5,0.886,0.33,0.27,-0.19,3.05,36.55,37.22,-0.05,0.09,-0.07,4.01,10.83,6.26,0.15,-0.61,0.36,0.65
9.376,2,0.193,-0.04,-0.15,0.97,171.26,1.3,-17.73,0.01,0.07,-0.04,4.09,-17.85,-7.63,2.75,-0.02,-0.24,0.94
9.378,6,0.606,-0.12,-0.09,-0.78,269.71,-16.82,-0.58,-0.08,-0.02,-0,3.96,23.04,-37.23,-54.78,0.24,-0.04,0.96
9.443,1,-0.807,-0,-0.01,-0.59,86.36,0.96,1.21,0.11,-0.43,0.08,4.09,-22.74,-1.37,-62.56,0.43,0.03,1.08
9.445,3,-0.664,-0.28,-0.08,-0.69,101.89,-15.8,30.37,0,0.09,0.04,4.09,11.6,-8.54,27.31,0.26,0.52,0.89
9.449,7,-0.787,-0.24,-0.02,0.57,305.86,17.72,21.79,0.17,0.06,-0.32,4.09,34.64,-54.93,-57.53,-0.04,0.37,0.6
9.45,4,-0.129,0.09,-0.46,0.88,211.76,-1.79,-55.35,-0.02,0.01,0.02,3.94,-19.99,4.88,-1.98,0.12,-0.9,0.6
9.453,0,-0.778,0.09,-0.14,-0.6,89.97,19.54,1.39,-0.11,-0.09,0.08,4.09,12.21,-28.53,-27.16,-0.29,0.15,1.02
9.455,5,0.882,0.34,0.27,-0.18,4.19,36.68,39.14,0.03,-0.01,0.01,4.01,14.5,10.83,8.09,-0.62,0.53,0.64
9.478,2,0.197,-0.04,-0.16,0.97,170.87,0.46,-19.1,-0.05,-0.12,0.11,4.09,-8.09,-13.58,-22.58,0.09,-0.45,1.03
9.48,6,0.556,-0.13,-0.13,-0.81,262.15,-20.31,4.11,-0.03,-0.01,0.03,3.96,18.92,-41.05,-83.62,0.36,0.03,0.96
9.547,1,-0.825,0.01,-0.01,-0.57,82.86,0.91,-0.3,0.12,-0.11,0.16,4.09,15.87,-2.75,-22.13,0.07,-0.07,1.12
9.548,3,-0.668,-0.29,-0.09,-0.68,100.52,-15.79,31.87,0.08,0,0.08,4.09,-6.41,-4.43,13.73,0.31,0.5,0.93
9.551,7,-0.75,-0.22,0.04,0.62,297.28,12.68,23.13,-1.5,1.3,-0.34,4.09,-68.51,208.44,79.96,1.46,-1.59,0.77
9.553,4,-0.126,0.07,-0.47,0.87,210.61,-0.29,-56.15,-0,0.07,-0.14,3.94,8.7,20.6,5.49,0.13,-1.06,0.55
9.556,0,-0.79,0.08,-0.12,-0.6,88.25,17.03,1.02,0.06,0.07,0.15,4.09,-5.49,-20.6,-23.19,-0.36,-0.06,1.08
9.557,5,0.878,0.35,0.27,-0.18,5.33,36.66,41.08,-0.03,0.08,0.2,4.01,13.12,-0.15,17.4,-0.6,0.59,0.77
9.562,2,0.228,-0.03,-0.17,0.96,167.53,-1.29,-19.82,0.1,-0.18,0.18,4.09,-2.44,1.07,-41.05,-0.01,-0.59,1.03
9.564,6,0.512,-0.14,-0.17,-0.83,255.43,-23.41,8.64,0.2,-0.75,0.1,3.96,-12.05,7.17,-39.52,-0.29,0.03,1.29
9.646,1,-0.813,-0,-0.02,-0.58,85.34,1.36,1.56,0.22,0.03,0.11,4.09,33.72,29.3,76.6,0.09,-0.16,1.08
9.648,3,-0.658,-0.27,-0.08,-0.7,103.1,-16.4,29.1,0.08,0.09,0.22,4.09,-20.14,22.43,25.02,0.29,0.53,1.09
9.651,7,-0.8,-0.18,0.07,0.57,304.36,5.19,21.6,-0.06,0.09,0.08,4.09,-18.62,-45.17,21.36,-0.02,0.3,1.03
9.653,4,-0.131,0.05,-0.45,0.88,209.91,2.11,-53.49,0.02,-0,-0.01,3.94,42.57,11.75,17.24,-0.06,-0.77,0.59
9.657,0,-0.799,0.09,-0.12,-0.58,86.33,16.58,-0.06,-0.02,0.23,0.01,4.09,3.36,15.72,-11.6,-0.49,-0.04,0.85
9.658,5,0.883,0.36,0.26,-0.17,5.57,34.91,41.16,0.01,0.02,0.09,4.01,-14.04,-22.58,-2.75,-0.63,0.56,0.74
9.662,2,0.227,-0.03,-0.16,0.96,167.63,-1.21,-19.12,0.14,0.09,-0.14,4.09,9.61,4.88,36.77,-0.15,-0.22,0.83
9.664,6,0.493,-0.07,-0.13,-0.86,252.58,-14.18,9.86,-0.1,-0.08,0.37,3.96,-5.8,139.62,-80.57,0.37,0.11,1.36
9.749,1,-0.775,-0.01,-0.03,-0.63,92.4,2.17,3.32,0.05,-0.05,0,4.09,2.9,7.02,61.95,0.07,0.04,0.98
9.75,3,-0.661,-0.26,-0.08,-0.7,103.76,-14.74,27.86,0.2,0.23,-0.04,4.09,6.41,17.4,-14.8,0.03,0.29,0.97
9.755,7,-0.816,-0.13,0.11,0.55,305.41,-1.75,19.04,0.11,-0.08,-0.01,4.09,-35.1,-63.78,28.23,-0.02,0.42,0.88
9.756,4,-0.14,0.03,-0.43,0.89,210.01,3.98,-50.54,-0.01,0.05,-0.01,3.94,10.99,12.82,13.43,-0.05,-0.75,0.67
9.761,0,-0.807,0.1,-0.12,-0.57,84.48,17.65,-0.95,-0.14,0.13,-0.1,4.09,3.97,2.75,-22.89,-0.44,0.07,0.81
9.763,5,0.89,0.34,0.24,-0.18,3.88,33.52,39.02,0.03,0.11,-0.01,4.01,-7.78,-10.07,0.15,-0.55,0.42,0.74
9.767,2,0.212,-0.03,-0.16,0.96,169.45,-0.96,-18.59,0.09,0.04,-0.05,4.09,3.05,-12.82,-2.14,-0.07,-0.33,0.9
9.769,6,0.49,0,-0.06,-0.87,252.68,-2.71,5.94,-0.11,0.21,0.14,3.96,-63.32,106.81,47,0.2,0.22,1.09
9.87,1,-0.751,-0.02,-0.02,-0.66,96.59,0.3,3.11,-0.06,-0.09,-0.11,4.09,-1.98,-32.96,24.57,0.07,0.13,0.9
9.872,3,-0.682,-0.24,-0.09,-0.69,101.57,-11.27,27.5,0.14,0.18,-0.12,4.09,-0.31,18.62,-33.87,0.01,0.27,0.86
9.875,7,-0.817,-0.07,0.14,0.55,304.59,-8.02,16.03,-0.04,-0.15,-0.02,4.09,-33.26,-56.76,-6.41,-0.03,0.29,0.94
9.877,5,0.894,0.34,0.23,-0.17,4.07,32,39.32,0.03,0.01,0.07,4.01,7.78,-6.1,11.44,-0.45,0.5,0.68
9.882,0,-0.82,0.1,-0.12,-0.55,81.49,17.68,-1.74,-0.05,0.11,-0.08,4.09,12.21,0.15,-29.6,-0.39,-0.02,0.84
9.883,4,-0.148,0.01,-0.43,0.89,209.72,6.69,-50.3,0.01,-0.04,0.06,3.94,-5.34,17.24,21.97,-0.14,-0.72,0.61
9.887,2,0.201,-0.02,-0.17,0.96,170.67,-1.3,-19.68,0.1,-0.01,-0.07,4.09,-28.53,-2.29,9.16,-0.06,-0.36,0.86
9.888,6,0.531,0.06,0.03,-0.84,258.44,8.29,0.58,0.24,0.39,-0.17,3.96,-34.48,103,34.79,0.09,0.36,0.85
9.953,1,-0.743,-0.03,-0.01,-0.67,97.95,-1.44,2.81,0.13,-0.17,-0.06,4.09,1.37,-11.9,5.34,0.22,-0.07,0.94
9.954,3,-0.687,-0.22,-0.1,-0.68,101.53,-9.64,26.85,0.12,0.15,-0.1,4.09,-4.12,18.01,-4.43,-0,0.28,0.87
9.958,7,-0.823,-0.02,0.16,0.55,305.49,-13.52,12.28,-0,-0.2,-0,4.09,-47.15,-49.74,58.9,0.06,0.31,0.97
9.96,4,-0.162,-0.01,-0.44,0.88,210.29,9.48,-51.28,0.02,0,-0.06,3.94,-17.4,3.81,22.13,-0.14,-0.77,0.64
9.964,0,-0.833,0.1,-0.12,-0.53,78.69,18.08,-2.35,0.04,0.08,-0.01,4.09,9.46,4.73,-17.85,-0.37,-0.12,0.92
9.965,5,0.894,0.36,0.22,-0.15,6.39,29.95,41.89,-0.05,0.04,0.09,4.01,22.13,11.75,34.79,-0.58,0.6,0.71
9.969,2,0.201,-0.03,-0.2,0.96,170.66,-1.43,-22.95,0.12,-0.13,0,4.09,-27.01,-3.36,-5.34,-0.03,-0.55,0.92
9.97,6,0.523,0.12,0.1,-0.84,257.68,17.8,-2.18,-0.13,0.23,-0.25,3.96,-21.97,46.39,-35.4,0.01,-0.05,0.8
10.053,1,-0.738,-0.04,0,-0.67,98.78,-2.92,2.92,0.29,-0.22,0.13,4.09,8.54,-4.12,15.56,0.33,-0.2,1.13
10.055,3,-0.686,-0.2,-0.11,-0.69,102.81,-7.57,25.29,0.1,0.15,-0.02,4.09,-7.93,27.47,19.99,0,0.33,0.93
10.059,7,-0.837,0.02,0.17,0.52,308.95,-17.69,8.17,0,-0.15,0.1,4.09,-32.35,-18.46,22.89,0.17,0.23,1.11
10.06,4,-0.179,-0.02,-0.45,0.87,211.5,11.41,-53.03,0.03,0.02,0.01,3.94,-17.85,-5.65,18.46,-0.17,-0.82,0.64
10.064,0,-0.837,0.11,-0.12,-0.52,77.59,18.55,-2.97,0,0.04,0.13,4.09,1.53,1.98,-3.97,-0.38,-0.09,1.07
10.066,5,0.89,0.38,0.21,-0.14,8.79,28.61,44.94,0.1,-0.04,0.01,4.01,5.65,-3.51,5.04,-0.37,0.66,0.6
10.069,2,0.198,-0.04,-0.22,0.95,170.89,-1.08,-25.77,0.1,-0.11,0.07,4.09,-19.38,-6.1,2.44,-0.03,-0.59,0.91
10.071,6,0.549,0.15,0.12,-0.81,261.64,21.87,-2.1,-0.07,-0.06,-0.03,3.96,-12.51,21.51,78.43,-0.38,-0.12,0.89
10.153,1,-0.729,-0.04,-0.01,-0.68,100.25,-2.49,3.52,0.17,-0.38,0.06,4.09,15.41,21.67,9.31,0.41,-0.07,1.04
10.154,3,-0.673,-0.19,-0.12,-0.7,105.23,-6.4,25.19,0.1,0.07,0.05,4.09,20.75,10.07,17.7,0.03,0.34,1.04
10.158,0,-0.832,0.11,-0.12,-0.53,78.51,18.11,-3.63,0.09,0.02,0.07,4.09,-9.61,-11.9,23.8,-0.32,-0.12,1.01
10.16,4,-0.195,-0.02,-0.46,0.86,213.07,12.48,-54.2,-0.03,0.06,-0.13,3.94,-9.46,-10.07,6.41,-0.13,-1.06,0.63
10.164,7,-0.852,0.06,0.15,0.5,312.92,-18.62,3.47,0.14,-0.38,0.02,4.09,-43.49,4.88,31.59,0.02,0.39,1.02
10.165,5,0.89,0.39,0.2,-0.13,9.32,27.7,45.62,0.08,0.01,-0.03,4.01,-17.24,4.88,0.46,-0.37,0.58,0.61
10.169,2,0.183,-0.02,-0.23,0.96,172.82,-2.09,-26.55,0.12,-0.22,0.14,4.09,4.43,-27.16,16.17,0.01,-0.72,0.91
10.171,6,0.585,0.15,0.12,-0.79,267.07,22.59,-1.02,0.33,0.19,-0.21,3.96,-5.95,-38.45,24.41,-0.21,0.35,0.77
10.253,1,-0.735,-0.02,-0,-0.68,99.38,-1.39,2.17,-0.33,0.02,-0.17,4.09,-38.76,17.7,-49.44,-0.02,0.32,0.78
10.254,3,-0.665,-0.19,-0.13,-0.71,106.4,-5.83,26.29,0.26,0.06,0.07,4.09,-1.07,3.36,16.17,0.03,0.24,1.07
10.258,7,-0.849,0.05,0.12,0.51,311.51,-14.35,2.61,-0.03,-0.58,-0.1,4.09,23.96,105.9,-57.53,-0.25,0.27,0.99
10.26,4,-0.212,-0.01,-0.45,0.87,215.28,12.5,-52.99,-0.08,-0.05,0.04,3.94,21.67,-27.16,3.81,-0.16,-0.87,0.55
10.264,0,-0.826,0.12,-0.11,-0.54,79.82,17.46,-4.54,-0.27,0.18,-0.18,4.09,2.59,7.17,3.97,-0.51,0.12,0.71
10.266,5,0.897,0.37,0.21,-0.11,11.02,27.77,44.09,0.01,0.03,-0.08,4.01,-37.38,19.38,12.36,-0.52,0.57,0.63
10.269,2,0.155,-0.02,-0.23,0.96,176.26,-2.12,-26.81,-0.05,0.02,-0.11,4.09,9.77,-17.55,60.88,0.06,-0.35,0.81
10.27,6,0.577,0.11,0.09,-0.8,265.26,16.75,-1.3,0.52,0.35,-0.2,3.96,6.41,-33.72,-132.75,0.35,0.61,0.67
10.38,1,-0.774,0.01,0.01,-0.63,92.64,-0.18,-1.18,-0.18,-0.18,0.09,4.09,-40.44,-9,-126.19,0.1,0.2,1.1
10.382,3,-0.646,-0.19,-0.12,-0.73,109.62,-6.63,25.01,-0.13,0.13,0.09,4.09,-10.07,25.02,25.18,-0.03,0.62,0.88
10.386,0,-0.832,0.12,-0.11,-0.53,78.57,17.75,-4.57,-0.27,0.05,-0,4.09,13.58,7.48,-18.77,-0.46,0.15,0.92
10.387,4,-0.228,-0,-0.44,0.87,217.75,11.85,-50.64,-0.1,0.05,0.01,3.94,5.65,-16.94,15.72,-0.07,-0.83,0.64
10.391,7,-0.83,-0.05,0.08,0.55,306.67,-4.4,10.04,0.02,-0.16,0.31,4.09,104.22,81.02,-54.93,-0.05,0.36,1.32
10.392,5,0.905,0.35,0.22,-0.1,12.03,28.37,41.36,0.02,0.12,-0.1,4.01,-26.09,0.31,11.29,-0.42,0.37,0.65
10.396,2,0.114,-0.02,-0.24,0.96,180.76,-0.57,-27.95,-0.09,0.22,-0.13,4.09,-11.44,-14.19,-10.68,0.04,-0.27,0.89
10.398,6,0.504,0.07,0.06,-0.86,254.61,10.42,-2.17,-0.27,0.02,0.18,3.96,-6.41,-37.84,-9,0,-0.11,1.1
10.463,1,-0.818,0.02,0.03,-0.57,84.14,-1.24,-3.69,-0.13,-0.24,-0.13,4.09,-16.02,-29.14,-85.6,0.2,0.15,0.88
10.464,3,-0.646,-0.18,-0.14,-0.73,109.64,-5.17,26.18,0.04,0.17,0,4.09,12.21,15.56,5.65,-0.08,0.43,0.93
10.468,7,-0.799,-0.19,0.05,0.57,304.79,7.62,21.85,0.09,0.17,0.03,4.09,132.45,107.88,-72.17,0.05,0.42,0.93
10.469,4,-0.244,-0,-0.43,0.87,219.6,12.59,-50.27,-0.14,-0.06,0.05,3.94,-6.56,-5.19,26.86,-0.1,-0.63,0.52
10.473,0,-0.839,0.11,-0.12,-0.52,76.68,18.89,-3.79,-0.15,0.04,-0.02,4.09,16.02,8.39,-11.44,-0.42,0.05,0.89
10.474,5,0.911,0.34,0.22,-0.09,13.73,27.5,40.64,-0.09,0.07,0.09,4.01,-12.66,5.19,14.04,-0.49,0.5,0.61
10.497,2,0.118,-0.01,-0.25,0.96,180.6,-2.01,-28.86,-0.02,-0.06,-0.02,4.09,-15.26,-10.22,14.19,0.08,-0.5,0.86
10.498,6,0.478,0.04,0.03,-0.88,251.18,5.35,-1.13,-0.31,0.09,-0,3.96,24.41,-62.26,-46.84,0.15,-0.23,1.01
10.55,1,-0.85,0.02,0.04,-0.52,77.51,-3.02,-4.85,0.05,-0.28,-0.08,4.09,-18.31,-5.65,-80.72,0.31,-0.01,0.91
10.552,3,-0.642,-0.17,-0.15,-0.73,111.05,-2.55,26.1,0.02,0.09,0.02,4.09,-9.92,27.01,7.63,-0.08,0.44,0.93
10.556,7,-0.732,-0.32,0.05,0.6,300.67,18.14,33.12,-0.2,0.44,-0.69,4.09,95.06,43.95,-95.67,0.23,-0.13,0.45
10.557,4,-0.263,-0.01,-0.44,0.86,221.44,13.84,-50.75,-0.17,-0.1,0.03,3.94,-5.8,-6.56,27.47,-0.13,-0.7,0.56
10.562,0,-0.846,0.1,-0.13,-0.51,75.3,19.36,-2.62,-0.23,-0.05,-0.11,4.09,24.26,-2.9,-24.72,-0.36,0.19,0.81
10.563,5,0.913,0.33,0.22,-0.07,15.81,26.94,40.51,-0.06,0.07,0.12,4.01,-7.32,8.54,24.87,-0.56,0.61,0.77
10.667,1,-0.873,0.03,0.07,-0.48,72.21,-4.66,-7.04,0.19,-0.28,-0.08,4.09,-44.56,-4.12,-61.49,0.41,-0.13,0.88
10.668,6,0.45,-0,-0.01,-0.89,247.52,-0.78,1.34,0.25,-0.05,0.02,3.96,21.67,-68.05,-72.63,-0.16,0.19,1.03
10.674,7,-0.672,-0.36,0.07,0.64,293.99,21.69,38.04,-0.12,-0.24,-0.24,4.09,60.88,-63.17,-23.04,-0.7,0.44,0.63
10.675,3,-0.628,-0.14,-0.16,-0.75,113.93,-0.52,24.6,0.01,0.06,-0.04,4.09,-14.8,33.87,43.33,-0.05,0.38,0.89
10.68,0,-0.864,0.09,-0.13,-0.48,71.79,17.79,-2.16,-0.16,-0.08,-0.08,4.09,17.4,-26.25,-45.17,-0.27,0.14,0.9
10.682,4,-0.281,-0.01,-0.44,0.85,223.26,15.43,-51.08,-0.15,0.03,-0.05,3.94,-21.97,-7.02,16.94,-0.15,-0.81,0.58
10.686,2,0.12,-0,-0.28,0.95,180.84,-3.83,-32.69,-0.07,-0.05,0.04,4.09,-12.66,-16.33,-6.1,0.16,-0.6,0.86
10.687,5,0.916,0.33,0.22,-0.05,17.64,26.37,40.39,-0.1,0.05,-0.1,4.01,-5.8,9.61,17.7,-0.51,0.49,0.64
10.77,1,-0.889,0.05,0.09,-0.45,67.86,-6.87,-10.39,0.12,-0.42,0.25,4.09,-28.23,4.27,-46.54,0.56,-0.11,1.21
10.771,6,0.364,-0.04,-0.06,-0.93,236.54,-6.79,5.19,-0.28,-0.2,-0.02,3.96,38.15,-63.78,-91.71,0.19,-0.21,1
10.778,7,-0.629,-0.36,0.12,0.68,287.06,19.49,41.1,-0.11,-0.07,-0.08,4.09,6.87,-64.85,-60.58,-0.35,0.44,0.7
10.78,3,-0.572,-0.12,-0.17,-0.79,122.64,0.76,24.23,0.03,-0,-0.08,4.09,18.16,46.54,102.54,-0.02,0.35,0.86
10.784,0,-0.877,0.08,-0.09,-0.46,69.52,13.31,-3.06,0.01,-0.14,0.21,4.09,-9.31,-37.54,-0.15,-0.17,-0.01,1.2
10.785,4,-0.297,-0.01,-0.46,0.84,224.85,16.52,-52.72,-0.19,0.07,-0.01,3.94,-16.02,-8.7,15.11,-0.16,-0.87,0.53
10.789,2,0.13,0.01,-0.29,0.95,180.03,-5.15,-33.72,-0.15,-0.41,0.22,4.09,-6.1,4.88,-29.3,0.34,-0.96,0.78
10.791,5,0.917,0.33,0.22,-0.03,19.5,25.73,40.54,-0.12,0.06,0.07,4.01,-15.41,5.8,25.02,-0.65,0.6,0.79
10.879,1,-0.895,0.06,0.1,-0.43,66.04,-6.8,-11.61,-0.16,0.17,0.27,4.09,71.56,-3.36,89.72,0.17,-0.12,0.96
10.88,6,0.291,-0.07,-0.11,-0.95,227.14,-11.56,9.9,0.16,-0.22,0.16,3.96,32.5,-51.88,-93.23,-0.04,0.07,1.18
10.885,7,-0.631,-0.3,0.19,0.69,282.98,10.42,40.81,-1.79,0.95,0.56,4.09,-160.68,300.6,-41.66,1.16,-0.47,2.19
10.886,3,-0.482,-0.11,-0.2,-0.84,134.61,0.17,26.94,-0.1,-0.15,0.31,4.09,32.96,46.84,111.24,0.19,0.61,1.19
10.891,0,-0.867,0.08,-0.07,-0.49,72.14,11.43,-4.78,-0.05,0.56,0.08,4.09,-26.55,39.37,46.84,-0.7,-0.27,0.92
10.892,4,-0.316,0,-0.45,0.83,227.45,16.52,-51.96,-0.16,0.09,0.03,3.94,16.48,-33.87,6.26,-0.12,-0.85,0.64
10.897,2,0.159,0.02,-0.29,0.94,177.04,-7.14,-33.18,-0.01,-0.14,0.16,4.09,56.15,6.41,-45.93,0.17,-0.68,0.93
10.898,5,0.929,0.3,0.21,-0.01,20.99,23.61,37.5,-0.04,-0.09,-0,4.01,-72.63,-19.99,2.75,-0.44,0.6,0.74
10.962,1,-0.855,0.05,0.08,-0.51,76.25,-4.63,-9.05,0.06,0.02,0.37,4.09,27.01,24.41,164.49,0.12,-0.25,1.2
10.964,6,0.23,-0.06,-0.15,-0.96,219.56,-10.77,15.31,0.35,-1.13,0.66,3.96,22.28,120.39,-81.18,-0.33,-0.42,1.85
10.969,7,-0.694,-0.28,0.22,0.63,290.73,2.49,41.22,-1.44,-0.24,0.53,4.09,-23.35,-19.23,-17.55,-0.32,-0.06,1.74
10.971,3,-0.435,-0.1,-0.26,-0.85,140.96,2.8,32.74,-0.08,-0.04,0.42,4.09,25.63,53.86,6.41,-0.04,0.85,1.12
10.975,0,-0.852,0.1,-0.08,-0.51,75.07,13.78,-5.36,-0.17,0.2,-0.07,4.09,0.61,19.68,48.37,-0.46,-0,0.81
10.977,4,-0.334,0.02,-0.42,0.84,230.72,14.58,-48.08,-0.12,0.08,-0.09,3.94,29.75,-36.16,2.29,-0.08,-0.69,0.57
10.982,2,0.135,0.01,-0.26,0.95,179.43,-5.25,-30.34,-0.25,0.45,-0.27,4.09,29.6,-1.68,-4.12,0.19,0.09,0.89
10.983,5,0.951,0.24,0.2,0,20.45,21.88,29.46,0.03,0.02,0.03,4.01,-78.74,-3.05,14.95,-0.43,0.44,0.86
11.061,1,-0.792,0.03,0.06,-0.61,89.22,-4.09,-6.77,-0.22,-0.02,-0.15,4.09,22.58,-53.86,108.03,0.01,0.12,0.89
11.063,6,0.298,0.07,-0.09,-0.95,229.5,4.89,12.59,-0.96,-0.23,0.43,3.96,-87.28,153.05,140.99,0.53,-0.27,1.41
11.067,7,-0.763,-0.22,0.22,0.57,299.41,-4.79,36.31,0.57,-0.07,-0.12,4.09,-47.15,-60.88,54.47,0.16,0.94,0.49
11.069,3,-0.442,-0.08,-0.28,-0.85,140.81,6.21,34.07,-0.18,0.28,0.05,4.09,-27.62,23.8,-48.37,-0.19,0.82,0.62
11.072,0,-0.833,0.11,-0.09,-0.53,78.6,15.23,-5.72,-0.29,0.09,-0.16,4.09,-7.63,11.75,19.99,-0.43,0.14,0.79
11.074,4,-0.353,0.03,-0.4,0.85,233.61,13.75,-45.44,-0.25,0.05,0.08,3.94,10.22,-13.12,24.87,-0.08,-0.71,0.55
11.078,2,0.158,0.02,-0.24,0.96,176.91,-6.36,-27.68,-0.01,-0.07,0.01,4.09,11.9,3.36,10.38,0.1,-0.48,0.82
11.08,5,0.964,0.19,0.19,0.04,22.7,20.32,23.55,-0.13,0.02,-0.03,4.01,-52.03,-3.36,30.21,-0.51,0.41,0.86
11.158,1,-0.757,0.01,0.06,-0.65,95.57,-4.73,-5.82,-0.09,-0.13,0.02,4.09,29.14,-19.84,68.51,0.17,-0.01,1.03
11.16,6,0.455,0.17,0.02,-0.87,250.14,18.03,6.7,-0.02,1.11,-0.07,3.96,-85.91,169.37,155.79,0.6,0.76,1
11.167,7,-0.77,-0.18,0.25,0.56,298.9,-10.37,34.64,-0.2,0.05,-0.22,4.09,-20.29,-55.85,47,0.11,0.36,0.82
11.17,3,-0.46,-0.06,-0.28,-0.84,139.32,9.34,32.2,-0.17,0.03,0.09,4.09,14.65,13.58,-17.09,-0.22,0.77,0.82
11.174,0,-0.825,0.12,-0.09,-0.55,80.17,16.27,-5.86,-0.28,0.09,-0.04,4.09,-1.07,3.51,19.53,-0.45,0.12,0.9
11.175,4,-0.381,0.02,-0.39,0.84,236.92,14.79,-43.94,-0.11,0.05,-0.07,3.94,-11.14,-10.83,30.67,-0.13,-0.68,0.67
11.266,1,-0.734,0.01,0.07,-0.68,99.61,-4.92,-5.68,-0.21,-0.22,-0.04,4.09,25.18,6.41,61.19,0.29,0.11,0.94
11.267,5,0.973,0.15,0.16,0.06,24.08,17.61,18.85,-0.08,0.1,-0.06,4.01,-42.27,-30.82,17.24,-0.38,0.19,0.83
11.271,7,-0.793,-0.14,0.27,0.53,301.99,-16.75,32.01,-0.15,0.03,-0.02,4.09,-25.79,-15.72,66.68,0.32,0.36,0.83
11.272,6,0.49,0.22,0.11,-0.83,255.48,29.13,2.02,-0.47,0.38,-0.2,3.96,-91.09,75.38,121.31,0.11,-0.12,0.97
11.276,0,-0.811,0.12,-0.09,-0.56,82.91,16.78,-5.57,-0.08,0.05,0,4.09,-12.82,-4.88,48.07,-0.35,-0.05,0.92
11.278,3,-0.485,-0.04,-0.32,-0.81,136.85,13.92,35.34,0.1,0.23,-0.2,4.09,23.5,25.63,-5.8,-0.44,0.44,0.58
11.282,2,0.142,0.01,-0.24,0.96,178.56,-5.25,-27.73,-0.07,-0.08,0.07,4.09,1.53,-0.76,23.04,0.2,-0.55,0.9
11.284,4,-0.404,0.03,-0.4,0.82,239.69,16.05,-44.71,-0.15,-0.07,-0.04,3.94,-12.05,-8.39,26.7,-0.21,-0.85,0.54
11.383,1,-0.702,-0,0.05,-0.71,104.81,-4.43,-4.09,0.33,-0.35,-0.01,4.09,34.18,-12.51,86.82,0.38,-0.39,0.99
11.385,5,0.978,0.13,0.14,0.08,26.06,14.68,16.43,-0.05,0.05,0.05,4.01,-13.89,-19.23,35.1,-0.29,0.32,0.91
11.388,7,-0.821,-0.08,0.3,0.48,307.34,-24.43,26.92,-0.2,-0.25,0.12,4.09,-32.5,-41.2,92.01,0.16,0.45,1.06
11.389,6,0.588,0.26,0.14,-0.75,272.04,33.58,6.62,0.26,0.29,-0.52,3.96,-10.99,-13.58,72.78,-0.14,0.36,0.54
11.393,0,-0.783,0.12,-0.08,-0.6,88.54,15.87,-5.55,-0.17,-0.08,0,4.09,-19.23,-16.02,65.61,-0.24,0.08,0.99
11.394,3,-0.463,-0.03,-0.34,-0.82,140.21,15.39,37.12,0.17,0.19,-0.1,4.09,-12.36,31.28,33.72,-0.46,0.42,0.71
11.399,2,0.12,0.01,-0.24,0.96,180.93,-4.53,-27.68,-0.1,-0.03,-0,4.09,1.83,-8.24,27.01,0.17,-0.43,0.86
11.4,4,-0.435,0.04,-0.4,0.81,243.82,16.58,-44.75,-0.15,0.04,-0.12,3.94,-10.22,-37.23,24.26,-0.16,-0.85,0.57
11.486,1,-0.653,-0.01,0.04,-0.76,112.56,-4.01,-2.22,-0.05,-0.38,-0.31,4.09,38.91,-5.49,90.64,0.35,-0.05,0.67
11.487,5,0.977,0.12,0.13,0.12,29.51,12.88,16.26,-0.09,0.02,0.05,4.01,-5.04,2.9,37.54,-0.28,0.33,1.02
11.491,7,-0.866,-0.03,0.29,0.4,318.99,-29.16,18.96,-0.15,-0.2,-0.11,4.09,-33.11,21.82,144.65,0.23,0.31,0.86
11.492,6,0.635,0.25,0.11,-0.72,279.27,30.05,9.95,-0.59,-0.39,0.23,3.96,15.26,-9.61,126.19,-0.78,-0.47,0.96
11.496,0,-0.748,0.13,-0.06,-0.65,95.04,14.61,-6.47,-0.13,-0.02,-0.16,4.09,-41.96,-13.89,68.97,-0.22,0.06,0.81
11.498,3,-0.414,-0.01,-0.34,-0.84,146.84,14.9,37.17,0.11,-0.02,0.01,4.09,-21.51,25.94,71.11,-0.31,0.51,0.82
11.502,2,0.103,0.01,-0.23,0.97,182.78,-3.72,-26.39,-0.07,-0.05,0.06,4.09,13.89,0.61,26.55,0.17,-0.48,0.89
11.504,4,-0.473,0.07,-0.39,0.79,249.71,15.29,-44.25,-0.13,-0.01,-0.04,3.94,-19.53,-48.52,23.04,-0.18,-0.78,0.55
11.569,1,-0.615,-0.02,0.05,-0.79,118.15,-5.27,-2.46,-0.51,0.39,0.43,4.09,-36.77,-3.97,10.07,-0.02,0.53,1.39
11.57,5,0.971,0.12,0.13,0.15,33.86,12.72,16.82,-0.05,0.04,0.02,4.01,-1.68,22.13,52.64,-0.32,0.34,1
11.573,7,-0.915,0.01,0.25,0.31,334.24,-28.33,8.78,-0.34,-0.48,0.1,4.09,-10.99,80.57,62.56,0.06,0.39,1.22
11.575,6,0.72,0.26,0.06,-0.64,295.19,25.24,19.08,0.2,0.04,-0.3,3.96,9.31,-23.35,114.14,-0.19,0.47,0.48
11.579,0,-0.725,0.13,-0.04,-0.67,98.88,13.96,-8.22,-0.53,0.17,0.14,4.09,-25.18,14.34,17.09,-0.49,0.36,1.08
11.58,3,-0.355,-0,-0.34,-0.87,154.39,13.72,37.86,0.03,-0.1,-0.16,4.09,6.87,33.26,66.99,-0.17,0.44,0.7
11.584,2,0.078,0.01,-0.21,0.97,185.5,-2.92,-24.55,-0.13,0.12,0.11,4.09,29.45,-3.66,52.34,0.15,-0.29,1
11.585,4,-0.505,0.11,-0.38,0.77,255.71,12.05,-45.49,-0.22,0.08,0.02,3.94,-28.38,-67.6,4.58,-0.03,-0.92,0.64
11.668,1,-0.63,0,0.06,-0.77,115.96,-4.28,-5.42,-0.24,0.01,0.28,4.09,-46.84,34.64,-56.3,0.14,0.11,1.28
11.669,5,0.963,0.12,0.15,0.19,38.18,14.2,17.33,-0.06,-0.03,-0.03,4.01,-14.8,37.08,34.18,-0.33,0.25,0.88
11.673,0,-0.726,0.15,-0.05,-0.67,97.95,15.86,-9.53,-0.35,0.16,0.05,4.09,-8.54,24.72,-6.41,-0.41,0.11,0.99
11.675,6,0.761,0.27,0.01,-0.59,302.44,19.27,24.52,0.31,0.5,0.56,3.96,-9.77,-20.9,-119.78,0.04,0.85,1.4
11.679,7,-0.928,-0.03,0.2,0.31,334.6,-20.08,11.54,-0.44,-0.14,0.39,4.09,98.27,75.07,-73.55,0.05,0.09,1.52
11.681,3,-0.309,0,-0.36,-0.88,160.2,12.97,40.91,-0.1,-0.05,0.07,4.09,9.77,39.83,49.59,-0.1,0.69,0.76
11.761,1,-0.665,0.05,0.06,-0.74,110.46,-0.78,-8.97,-0.39,-0.3,-0.21,4.09,-40.13,7.63,-75.07,0.3,0.17,0.83
11.763,4,-0.527,0.16,-0.37,0.75,260.52,8.74,-46.82,-0.26,0.01,-0.03,3.94,-15.26,-40.44,13.28,-0.02,-0.85,0.51
11.767,7,-0.919,-0.16,0.14,0.33,332.78,-8.94,23.55,-0.18,0.29,0.2,4.09,134.89,114.29,-67.44,0.22,0.15,1.18
11.769,5,0.954,0.1,0.18,0.22,42.43,17.06,16.37,-0.19,0.04,-0.01,4.01,-24.87,31.28,21.06,-0.43,0.34,0.83
11.773,0,-0.724,0.17,-0.06,-0.67,97.84,17.82,-9.7,-0.23,0.14,-0.12,4.09,-7.48,23.8,36.01,-0.41,0.09,0.8
11.774,6,0.686,0.23,0,-0.69,286.68,18.7,18.77,-0.82,0.5,0.24,3.96,-5.49,-67.75,-6.41,0.06,-0.32,1.47
11.883,1,-0.687,0.06,0.08,-0.72,106.79,-0.79,-11.31,0.02,-0.22,-0.06,4.09,-21.06,4.12,-11.14,0.27,-0.21,0.87
11.885,3,-0.271,0.02,-0.38,-0.88,165.44,14.01,42.85,-0.14,0.14,0.06,4.09,-14.8,33.57,6.87,-0.23,0.87,0.62
11.888,7,-0.9,-0.29,0.09,0.31,336.16,1.42,35.43,0.03,0.4,-0.44,4.09,87.43,63.17,22.13,0.25,0.11,0.62
11.89,4,-0.543,0.18,-0.37,0.73,263.6,7.71,-47.67,-0.18,0.05,-0.03,3.94,-5.04,-20.6,19.68,-0.02,-0.8,0.53
11.893,0,-0.701,0.18,-0.07,-0.69,101.39,20.16,-8.88,-0.36,0.08,-0.11,4.09,-11.6,11.14,30.21,-0.39,0.23,0.85
11.894,5,0.949,0.08,0.19,0.24,44.55,19.14,15.43,-0.05,0.05,-0.02,4.01,5.65,30.98,36.77,-0.36,0.26,0.89
11.898,2,-0.086,0.02,-0.14,0.99,204.15,-1.26,-16.52,-0.07,0.05,0.05,4.09,0.61,-7.63,29.45,0.1,-0.27,1.01
11.9,6,0.694,0.18,-0.04,-0.7,285.82,11.54,18.1,-0.09,0.13,0.06,3.96,8.24,-68.36,-21.21,-0.07,0.2,0.99
11.988,1,-0.684,0.08,0.08,-0.72,106.98,0.2,-13.33,-0.07,-0.25,-0.1,4.09,-29.91,27.62,4.43,0.28,-0.17,0.86
11.99,3,-0.246,0.05,-0.36,-0.9,169.31,15.89,39.95,0.01,0.16,-0.18,4.09,-131.68,41.35,41.81,-0.27,0.72,0.57
11.993,7,-0.892,-0.33,0.09,0.29,338.8,1.73,40.55,-0.07,-0.13,-0.33,4.09,34.03,-38.91,42.72,-0.18,0.52,0.49
11.994,4,-0.564,0.19,-0.36,0.71,267.11,7.81,-48.29,-0.12,0.06,0.01,3.94,-10.53,-23.19,23.96,-0.04,-0.92,0.56
11.998,0,-0.692,0.18,-0.07,-0.7,102.82,20.03,-8.76,-0.2,0.01,-0.13,4.09,-24.87,-7.02,14.34,-0.3,0.07,0.83
12,5,0.934,0.1,0.22,0.26,48.87,21.53,18.5,-0.14,-0.05,-0.01,4.01,14.5,29.6,28.53,-0.46,0.4,0.8
12.004,2,-0.121,0.03,-0.14,0.98,208.23,-1.03,-16.53,-0.13,-0.02,-0.01,4.09,-3.81,3.05,27.92,0.14,-0.35,0.91
12.005,6,0.686,0.15,-0.09,-0.71,283.41,5.31,19.94,-0.11,-0.07,0.06,3.96,31.43,-59.51,-22.74,-0.16,0.2,1
12.087,1,-0.677,0.11,0.09,-0.72,107.41,2.26,-16.37,-0.09,-0.56,-0.17,4.09,-45.32,9.31,-8.7,0.56,-0.22,0.86
12.089,3,-0.214,0.1,-0.3,-0.92,173.33,18.14,32.41,-0.17,-0.07,-0.1,4.09,-62.87,11.44,-8.7,-0.16,0.45,0.82
12.092,7,-0.893,-0.35,0.13,0.25,340.98,-3.49,43.59,-0.14,-0.27,-0.25,4.09,-5.8,-30.21,12.05,-0.21,0.57,0.42
12.094,4,-0.583,0.2,-0.36,0.7,270.28,7.94,-48.83,-0.14,-0.02,-0.08,3.94,-2.29,-18.31,19.38,-0.09,-0.79,0.53
12.098,0,-0.677,0.18,-0.05,-0.71,105.15,18.68,-10.57,-0.17,-0.03,-0.05,4.09,-45.93,-19.38,43.79,-0.29,-0,0.93
12.099,5,0.922,0.1,0.25,0.28,52.45,23.38,20.44,-0.16,0.08,-0.01,4.01,3.2,25.79,24.72,-0.55,0.36,0.88
12.104,2,-0.135,0.02,-0.15,0.98,209.7,0.17,-17.87,-0.14,0.04,-0,4.09,-15.56,30.36,-9.61,0.14,-0.32,0.97
12.106,6,0.659,0.13,-0.14,-0.73,278.46,0.07,22.35,-0.12,-0.02,-0.08,3.96,28.99,-73.39,-30.67,0.01,0.24,0.87
12.187,1,-0.65,0.12,0.11,-0.74,111.46,1.75,-18.34,-0.17,0.47,0.61,4.09,46.54,3.81,91.86,-0.46,-0.32,1.54
12.189,3,-0.164,0.13,-0.27,-0.94,179.28,19.26,29.13,0.09,-0.06,-0.12,4.09,-36.01,38.76,79.35,-0.37,0.32,0.74
12.192,7,-0.889,-0.32,0.21,0.25,337.43,-12.68,43.57,-1.88,0.51,1.08,4.09,22.74,-48.22,61.65,-0.79,0.21,2.6
12.193,4,-0.599,0.22,-0.36,0.68,273.37,7.63,-49.69,-0.14,-0.03,-0.03,3.94,-12.51,-32.35,11.44,-0.09,-0.86,0.54
12.197,0,-0.641,0.18,-0.02,-0.75,110.96,16.87,-12.27,-0.15,0.28,0.31,4.09,-32.35,12.97,73.7,-0.6,-0.01,1.14
12.199,5,0.908,0.1,0.27,0.3,55.98,25.73,22.64,-0.13,0.04,0.03,4.01,15.11,44.56,24.41,-0.58,0.4,0.76
12.203,2,-0.111,0.01,-0.17,0.98,206.89,0.64,-19.32,-0.23,-0.21,0.1,4.09,10.38,12.97,1.53,0.09,-0.57,0.98
12.204,6,0.627,0.11,-0.21,-0.74,272.96,-5.8,26.16,-0.29,-0.39,-0.11,3.96,31.59,-67.75,-37.54,-0.3,0.08,1.03
12.291,1,-0.566,0.1,0.08,-0.81,124,3.76,-14.28,-0.09,-0.13,0.21,4.09,39.98,-34.48,197.91,0.08,-0.24,1.18
12.293,3,-0.064,0.15,-0.26,-0.95,191.26,18.31,30.05,-0.06,-0.02,-0.08,4.09,-26.86,48.22,105.44,-0.23,0.44,0.79
12.297,7,-0.928,-0.29,0.18,0.15,350.17,-14.65,37.35,0.11,-0.07,0.41,4.09,-24.87,11.44,135.8,0.35,0.89,0.96
12.299,4,-0.609,0.26,-0.35,0.66,276.95,5.03,-51.85,-0.14,0.02,-0.03,3.94,-6.26,-44.25,-2.44,-0.04,-0.85,0.49
12.302,0,-0.598,0.19,-0.02,-0.78,117.14,18.71,-11.55,-0.23,0.25,0.09,4.09,-16.48,5.34,79.5,-0.52,0.08,1.02
12.303,5,0.888,0.11,0.31,0.32,60.49,29.5,26.38,-0.15,0.03,0.02,4.01,18.31,55.69,26.86,-0.62,0.5,0.69
12.307,2,-0.161,-0,-0.14,0.98,212.43,2.66,-16.2,-0.05,0.38,-0.03,4.09,20.29,-19.07,-11.9,0.13,0.02,1.04
12.308,6,0.623,0.13,-0.23,-0.74,273.03,-5.31,30.06,-0.56,-0.8,0.29,3.96,40.74,119.02,-18.46,-0.51,0.04,1.54
12.389,1,-0.458,0.08,0.06,-0.88,138.74,5.54,-10.15,-0.18,-0.12,-0.03,4.09,31.43,-4.58,157.62,0.09,-0.11,0.97
12.391,3,0.03,0.17,-0.25,-0.95,202.69,17.7,31.14,-0.05,-0.02,0.33,4.09,-58.14,37.99,57.22,-0.38,0.69,1.09
12.394,7,-0.948,-0.24,0.2,0.05,1.99,-21.13,30.6,-0.01,-0.07,0.01,4.09,-36.01,-2.75,97.5,0.37,0.55,0.77
12.396,4,-0.623,0.29,-0.33,0.65,281,1.83,-52,-0.08,0.14,-0.04,3.94,3.51,-44.1,8.54,0.13,-0.8,0.53
12.401,0,-0.533,0.2,-0.03,-0.82,126.38,20.61,-10.04,-0.2,0.2,-0.05,4.09,-29.45,11.14,95.37,-0.44,0.09,0.86
12.402,5,0.865,0.1,0.36,0.34,65.94,33.14,29.74,-0.2,0.18,-0.04,4.01,-5.04,24.11,20.45,-0.83,0.43,0.66
12.406,2,-0.174,0.01,-0.13,0.98,214.05,1.91,-14.56,-0.11,0.03,0.04,4.09,17.55,-6.41,95.67,0.08,-0.24,0.99
12.407,6,0.678,0.21,-0.15,-0.69,284.66,4.93,29.82,-0.75,0.69,-0.14,3.96,-35.25,143.43,147.71,0.62,-0.22,1.16
12.492,1,-0.36,0.07,0.03,-0.93,151.47,6.11,-5.47,-0.16,-0.08,-0.11,4.09,47.45,-19.68,147.71,0.1,-0.02,0.89
12.494,3,0.04,0.19,-0.21,-0.96,203.55,19.82,26.57,0.03,0.16,0.16,4.09,-39.83,8.24,-49.9,-0.38,0.61,0.87
12.498,7,-0.955,-0.19,0.23,-0.03,11.79,-26.31,22.93,-0.18,-0.13,-0.06,4.09,-34.79,-2.29,94.3,0.25,0.48,0.8
12.5,4,-0.638,0.3,-0.32,0.63,283.56,1.84,-51.82,-0.14,0.01,0.01,3.94,17.09,-10.83,18.92,0.02,-0.91,0.5
12.503,0,-0.467,0.21,-0.03,-0.86,135.23,22.26,-9.19,-0.13,0.18,-0.12,4.09,-41.66,13.73,77.21,-0.41,0.08,0.81
12.505,5,0.855,0.1,0.37,0.35,68.44,34.07,31.55,-0.15,0.05,0.03,4.01,0.61,4.58,17.24,-0.66,0.5,0.63
12.509,2,-0.234,-0,-0.12,0.96,220.96,3.32,-13.55,-0.04,0.06,-0.13,4.09,1.53,-8.39,53.1,0.01,-0.21,0.86
12.51,6,0.789,0.24,-0.08,-0.56,305.05,8.07,27.66,-0.3,0.77,-0.21,3.96,-65.46,100.71,174.41,0.54,-0.16,1
12.571,1,-0.27,0.05,-0,-0.96,162.59,5.47,-1,-0.3,-0.03,-0.18,4.09,35.1,-20.75,121.31,0.17,0.15,0.86
12.572,3,0.003,0.18,-0.17,-0.97,198.19,20.57,20.79,-0.01,0.03,-0.01,4.09,-24.41,-42.27,-54.63,-0.36,0.35,0.87
12.576,7,-0.953,-0.14,0.24,-0.11,23.54,-29.7,14.45,-0.22,-0.2,-0.05,4.09,-25.79,-24.41,120.09,0.26,0.46,0.87
12.577,4,-0.656,0.29,-0.3,0.63,285.44,2.34,-49.37,-0.18,0.08,0.15,3.94,29.45,-9.16,23.5,-0.08,-0.89,0.58
12.581,0,-0.402,0.22,-0.02,-0.89,143.36,24.28,-8.98,-0.09,0.13,-0.12,4.09,-38.6,12.97,71.41,-0.4,0.03,0.8
12.583,5,0.851,0.11,0.37,0.35,69.29,33.7,33.14,-0.16,0.1,0.06,4.01,18.31,-12.36,3.51,-0.71,0.48,0.61
12.605,2,-0.286,-0.01,-0.12,0.95,227.06,4.52,-12.87,0.03,0.02,-0.09,4.09,0.46,0.31,62.87,-0.09,-0.17,0.92
12.606,6,0.891,0.21,-0.02,-0.4,327.31,7.38,23.92,-0.04,0.35,-0.06,3.96,-82.86,77.36,182.65,0.1,0.13,1.01
12.697,1,-0.192,0.02,-0.03,-0.98,171.97,3.38,3.15,-0.22,-0.08,-0.07,4.09,31.74,-20.45,82.4,0.17,0.03,0.97
12.7,3,-0.024,0.15,-0.18,-0.97,194.46,17.27,21.39,0.03,-0.09,-0.04,4.09,37.84,-33.72,16.33,-0.29,0.25,0.87
12.704,7,-0.936,-0.1,0.27,-0.2,36.15,-33.49,6.06,-0.37,-0.22,-0.03,4.09,-3.2,-9.31,95.67,0.33,0.45,0.95
12.706,4,-0.672,0.28,-0.3,0.62,287.17,3.1,-47.57,-0.05,-0.02,-0.1,3.94,6.56,-5.65,10.68,0.01,-0.76,0.57
12.711,0,-0.346,0.22,-0.02,-0.91,150.7,24.87,-7.77,-0.23,0.18,-0.06,4.09,-23.8,7.48,47.76,-0.35,0.18,0.94
12.713,5,0.847,0.14,0.38,0.34,69.6,33.52,36.33,-0.02,0.01,0.19,4.01,38.76,9.77,15.41,-0.55,0.65,0.76
12.78,1,-0.144,0.01,-0.06,-0.99,177.58,2.33,6.38,-0.42,-0.04,0.08,4.09,33.26,19.84,40.44,0.37,0.2,1.08
12.781,6,0.947,0.17,0.04,-0.27,343.59,9.93,17.53,0.08,0.22,-0.06,3.96,-90.48,65.31,94.3,0.02,0.12,0.95
12.786,7,-0.921,-0.08,0.28,-0.25,44.78,-34.32,0.69,-0.27,-0.21,-0.08,4.09,-17.09,-18.77,47.15,0.41,0.28,0.87
12.788,3,-0.027,0.13,-0.21,-0.97,194.1,15.03,24.29,0.11,-0.14,-0.07,4.09,32.5,-22.89,-8.7,-0.35,0.23,0.82
12.792,0,-0.312,0.22,-0.01,-0.92,155.17,24.69,-7.05,-0.21,0.08,0.05,4.09,-10.99,-2.29,18.62,-0.34,0.07,1.01
12.794,4,-0.678,0.28,-0.3,0.61,288.56,3.39,-48.2,-0.06,-0,-0.09,3.94,-14.34,-8.09,6.87,-0.03,-0.82,0.6
12.799,2,-0.336,-0.01,-0.12,0.93,233.02,6.09,-12.11,-0.12,-0.01,0.15,4.09,3.97,-4.73,-6.1,-0.01,-0.36,1.1
12.8,5,0.834,0.16,0.41,0.34,71.47,34.66,41.47,-0.12,0.06,0.05,4.01,35.86,12.51,6.56,-0.71,0.58,0.53
12.899,1,-0.117,0.02,-0.08,-0.99,180.86,3.92,9.21,-0.18,-0.01,-0.05,4.09,28.53,27.16,10.83,0.07,0.19,0.96
12.901,6,0.973,0.11,0.11,-0.17,355.31,14.06,10.61,0.11,0.12,-0.17,3.96,-80.57,44.56,80.26,-0.06,0.09,0.83
12.906,7,-0.911,-0.07,0.3,-0.28,48.64,-35.64,-2.92,-0.73,0.12,-0.18,4.09,-7.63,15.41,49.13,-0.06,0.33,1.09
12.907,3,-0.019,0.09,-0.22,-0.97,194.22,10.48,25.5,-0.16,-0.03,0.07,4.09,12.82,-37.08,45.17,-0.03,0.44,0.98
12.911,0,-0.293,0.2,-0.02,-0.94,158.21,22.13,-5.21,-0.08,0.06,0.12,4.09,8.39,-25.18,19.07,-0.43,0.02,1.13
12.914,4,-0.679,0.3,-0.31,0.59,289.62,4.12,-50.87,-0.11,0.05,0.06,3.94,-32.35,6.56,16.02,-0.03,-0.94,0.61
12.919,2,-0.318,-0.01,-0.12,0.94,230.75,5.65,-12.12,-0.21,-0.02,0.08,4.09,-3.05,6.26,-21.67,0.04,-0.36,1.04
12.92,5,0.823,0.18,0.42,0.33,72.91,35.27,45.38,-0.06,-0.06,0.04,4.01,19.23,15.41,1.53,-0.5,0.45,0.38
12.998,1,-0.112,0.03,-0.08,-0.99,181.58,4.89,9.25,0.12,-0.23,-0.08,4.09,-24.26,20.6,-33.57,-0.22,-0.05,0.96
13,6,0.985,0.05,0.12,-0.11,1.89,14.89,4.66,0.15,0.13,-0.25,3.96,-74.16,-24.72,53.56,-0.03,-0.03,0.78
13.005,7,-0.918,-0.04,0.23,-0.32,53.41,-26.91,-4.38,-0.24,-0.01,0.16,4.09,16.94,130.77,25.18,0.38,0.1,1.13
13.006,3,-0.021,0.07,-0.24,-0.97,193.49,7.85,27.39,-0.07,-0.14,0.08,4.09,19.07,-19.23,-32.2,-0.07,0.35,1.07
13.01,0,-0.281,0.18,-0.02,-0.94,160.18,21.11,-3.47,0.19,0.16,0,4.09,-1.22,-1.22,8.54,-0.59,-0.02,0.85
13.011,4,-0.677,0.3,-0.33,0.58,289.68,5.91,-53.2,-0.14,-0.03,0.03,3.94,-7.78,4.43,11.9,-0.14,-0.86,0.46
13.016,2,-0.31,-0.02,-0.11,0.94,229.79,5.68,-11.75,0.06,-0.05,-0.05,4.09,4.27,-4.43,14.04,-0.17,-0.18,0.92
13.017,5,0.815,0.19,0.43,0.34,74.67,35.25,47.36,-0.15,0.13,-0.01,4.01,-2.44,-1.98,-4.12,-0.67,0.52,0.41
13.095,1,-0.157,0.05,-0.07,-0.98,176.3,6.58,6.89,-0.1,0.04,-0.03,4.09,-8.54,-20.9,-85.14,-0.07,0.12,0.97
13.097,6,0.994,0.01,0.08,-0.07,5.62,8.84,0.27,-0.12,-0.23,-0.31,3.96,-11.6,-125.58,-15.41,-0.43,0.15,0.78
13.101,7,-0.95,-0.05,0.15,-0.27,46.08,-17.65,0.76,-0.02,0.64,0.5,4.09,38.45,97.81,-130.92,0.13,-0.57,1.54
13.102,3,-0.017,0.05,-0.24,-0.97,193.69,6.53,27.81,-0.05,-0.07,-0.03,4.09,0.31,0.31,2.75,-0.06,0.37,0.9
13.106,0,-0.276,0.17,-0.02,-0.95,160.87,19.84,-3.28,0.1,0.12,-0,4.09,2.75,-5.8,1.37,-0.48,-0.01,0.9
13.107,4,-0.681,0.3,-0.34,0.58,290.16,6.65,-53.5,-0.06,0.02,0.02,3.94,12.82,1.07,10.22,-0.1,-0.82,0.57
13.112,2,-0.332,-0,-0.11,0.94,232.6,4.58,-12.31,-0.06,-0.06,0.04,4.09,-13.73,-23.8,43.49,-0.07,-0.31,0.97
13.113,5,0.813,0.19,0.43,0.34,75.42,34.98,47.19,-0.15,0.1,0.13,4.01,-14.34,3.97,-3.05,-0.78,0.62,0.52
13.189,1,-0.206,0.03,-0.07,-0.98,170.55,5.2,7,0.03,-0.19,-0.05,4.09,4.12,-13.58,-59.97,-0.04,-0.07,0.92
13.191,6,0.995,-0.01,0.01,-0.1,2.09,0.8,-0.72,0.98,-0.73,-0.73,3.96,17.7,-65,-67.29,0.7,0.85,0.34
13.194,7,-0.966,-0.05,0.04,-0.25,43.01,-5.75,4.18,-0.12,-0.3,0.12,4.09,58.44,122.22,41.2,0.16,0.47,1.04
13.196,3,0,0.05,-0.23,-0.97,195.41,5.72,26.68,0.12,0.17,0.03,4.09,-26.4,4.88,16.94,-0.27,0.66,0.78
13.2,0,-0.274,0.17,-0.03,-0.95,161.53,19.3,-1.78,0.06,0.14,-0.05,4.09,7.17,1.22,-3.81,-0.42,0.07,0.86
13.201,4,-0.685,0.29,-0.34,0.57,290.43,7.44,-52.97,-0.13,-0.05,0.03,3.94,6.41,1.68,6.26,-0.2,-0.59,0.48
13.205,2,-0.374,0.02,-0.12,0.92,237.99,3.16,-13.34,0.08,0.02,-0.12,4.09,-11.44,-30.67,49.44,-0.08,-0.12,0.87
13.206,5,0.813,0.19,0.43,0.35,75.56,34.33,46.93,-0.04,-0.06,-0,4.01,-2.9,-8.39,1.07,-0.52,0.65,0.48
13.288,1,-0.247,0.01,-0.07,-0.97,165.59,3.43,7.04,-0.09,-0.06,0.01,4.09,0.15,-25.94,-57.37,0.1,0.09,0.98
13.29,6,0.988,0,-0.06,-0.14,357.49,-6.79,1.18,0.19,-0.31,-0.11,3.96,25.94,-66.53,-93.54,0.16,0.1,0.97
13.293,7,-0.97,-0.09,-0.07,-0.22,39.81,5.48,11.56,0.13,-0.2,0.01,4.09,76.45,91.86,-113.68,0.1,0.3,0.96
13.294,3,-0.021,0.05,-0.23,-0.97,192.92,5.73,26.69,0.12,-0.19,0.03,4.09,-1.68,-28.23,-10.99,-0.22,0.29,0.99
13.299,0,-0.278,0.16,-0.05,-0.95,161.24,19.75,-0.12,0.08,0.1,-0.05,4.09,10.22,10.53,-10.38,-0.42,0.03,0.86
13.3,4,-0.686,0.29,-0.34,0.58,290.36,7.46,-52.66,-0.11,0.02,-0,3.94,-1.07,-1.83,-2.44,-0.1,-0.77,0.49
13.304,2,-0.405,0.04,-0.12,0.91,242.05,1.8,-14.65,-0.04,0,-0.03,4.09,-27.01,-18.92,27.62,0,-0.3,0.96
13.305,5,0.813,0.19,0.43,0.35,75.74,34.08,46.7,-0.07,0,-0.16,4.01,-13.28,7.93,-0.92,-0.65,0.47,0.35
13.389,1,-0.28,-0,-0.06,-0.96,161.52,1.82,6.75,-0.11,-0.27,0.07,4.09,-12.97,-17.85,-53.71,0.19,-0.05,1.1
13.39,6,0.977,0.02,-0.11,-0.18,352.76,-12.15,4.49,-0.02,0.03,-0.03,3.96,31.28,-51.42,-27.16,0.25,-0.06,0.92
13.394,7,-0.972,-0.12,-0.15,-0.13,31.98,14.96,16.81,0.18,-0.08,-0.43,4.09,61.19,23.19,-63.78,-0.01,0.21,0.59
13.395,3,-0.037,0.02,-0.22,-0.97,190.5,3.37,25.61,0.01,0.07,-0.03,4.09,-4.73,-43.49,-18.46,-0.09,0.48,0.84
13.399,0,-0.287,0.17,-0.06,-0.94,160.35,20.27,1.09,-0.06,0.07,-0,4.09,7.63,4.27,-18.92,-0.34,0.12,0.95
13.401,4,-0.681,0.3,-0.34,0.57,290.03,7.38,-53.72,0,-0.04,-0.06,3.94,-28.38,2.14,-5.65,-0.2,-0.86,0.52
13.404,2,-0.423,0.06,-0.14,0.89,244.66,1,-17.9,-0.1,-0.01,0.05,4.09,-26.55,-10.22,25.63,0.04,-0.4,0.97
13.406,5,0.813,0.18,0.43,0.35,76.06,34.39,46.06,-0.05,0.01,0.14,4.01,-5.34,-0.15,-3.36,-0.5,0.59,0.52
13.488,1,-0.308,-0,-0.05,-0.95,158.21,1.44,5.22,-0.27,-0.3,-0.05,4.09,-25.63,-0.92,-38.45,0.37,0.01,0.96
13.489,6,0.969,0.04,-0.15,-0.19,350.45,-16.21,7.87,-0.11,-0.02,0,3.96,28.84,-42.72,-34.33,0.17,0.12,0.98
13.493,7,-0.97,-0.16,-0.17,-0.07,25.74,17.47,20.91,-0.4,-0.17,-0.05,4.09,44.71,-6.41,-50.96,-0.58,0.51,0.58
13.494,3,-0.065,-0,-0.23,-0.97,186.72,1.34,26.94,0.11,-0.02,-0.11,4.09,19.84,-30.82,-23.04,-0.15,0.36,0.81
13.498,0,-0.303,0.15,-0.07,-0.94,158.63,19.41,2.44,0,-0,0.06,4.09,4.12,-5.19,-20.75,-0.35,0.04,1
13.5,4,-0.67,0.32,-0.36,0.57,289.8,6.87,-57.04,-0.06,-0.01,-0.03,3.94,-28.08,-5.65,-14.34,-0.12,-0.9,0.48
13.504,2,-0.431,0.07,-0.17,0.88,245.88,0.77,-20.81,-0.15,-0.01,0.09,4.09,-23.19,-2.59,3.2,0.07,-0.51,0.98
13.506,5,0.809,0.18,0.43,0.36,76.99,33.98,46.86,0.03,0.04,0.04,4.01,8.09,13.89,5.34,-0.44,0.56,0.54
13.605,1,-0.331,-0,-0.03,-0.94,155.41,0.81,3.12,-0.09,-0.42,0.35,4.09,-25.18,-5.65,-35.25,0.27,-0.19,1.42
13.607,6,0.949,0.06,-0.2,-0.24,343.48,-20.25,12.32,-0.09,0.17,0.07,3.96,24.41,-63.93,-60.12,0.38,0.04,1.01
13.61,7,-0.971,-0.2,-0.14,-0.02,19.28,14.87,23.5,0.38,0.79,0.06,4.09,27.16,-69.89,-55.85,0.08,-0.45,1.32
13.612,3,-0.09,-0.03,-0.24,-0.96,183.19,-0.57,28.54,0.04,-0.1,-0.04,4.09,11.14,-21.97,-6.87,0.02,0.38,0.92
13.616,0,-0.311,0.13,-0.07,-0.94,157.8,17.17,2.58,0.05,0.01,0.3,4.09,-6.41,-12.97,1.83,-0.42,0.02,1.22
13.617,4,-0.662,0.33,-0.37,0.56,289.7,6.24,-59.07,-0.17,0.06,0.18,3.94,-19.68,-1.37,-0.92,-0.13,-1.04,0.41
13.621,2,-0.425,0.08,-0.18,0.88,245.41,0.18,-22.31,-0.24,0.02,0.15,4.09,0.92,-7.32,-36.32,0.15,-0.62,1
13.623,5,0.796,0.2,0.44,0.37,79.66,33.76,49.92,-0.09,0.02,0.02,4.01,16.63,13.28,10.07,-0.61,0.66,0.46
13.688,1,-0.326,0,-0.03,-0.94,156.02,1.37,2.8,0.22,-0.18,0.08,4.09,23.8,7.63,59.36,-0.13,-0.17,1.11
13.69,6,0.926,0.06,-0.25,-0.28,336.9,-24.87,16.44,-0.37,-0.04,0.02,3.96,19.68,-52.19,-63.48,0.18,0.11,1.06
13.694,7,-0.973,-0.2,-0.08,-0.09,25.42,6.45,24.04,0.27,0.04,0.34,4.09,-21.21,-106.35,96.28,-0.01,0.43,1.3
13.695,3,-0.086,-0.05,-0.24,-0.97,183.19,-2.61,28.52,0.02,-0.02,0.06,4.09,5.49,-4.12,2.59,0.01,0.49,0.92
13.699,0,-0.312,0.12,-0.06,-0.94,157.65,15.51,2.33,0.35,0.03,0.03,4.09,-4.12,5.34,-1.98,-0.57,-0.16,0.91
13.701,4,-0.66,0.34,-0.37,0.56,289.77,6.21,-59.8,-0.13,0,0.08,3.94,4.58,1.22,8.39,-0.06,-1.11,0.54
13.705,2,-0.397,0.1,-0.17,0.9,242.25,-1.98,-22.58,0.06,-0.17,-0.06,4.09,2.14,1.83,-8.54,-0.15,-0.41,0.83
13.707,5,0.786,0.21,0.45,0.37,81.32,33.43,52.43,0.1,-0.03,0.2,4.01,6.1,7.32,12.66,-0.55,0.74,0.68
13.807,1,-0.268,0.01,-0.05,-0.96,162.98,2.26,5.68,0.04,-0.32,0.01,4.09,27.47,9.16,107.12,0.01,-0.16,1.07
13.808,6,0.901,0.08,-0.28,-0.32,329.84,-27.35,21.5,-0.66,-0.01,0.1,3.96,24.26,-27.92,-34.79,-0.01,-0.09,1.36
13.814,7,-0.974,-0.19,-0.01,-0.13,29.1,-1.92,21.45,-0.04,-0.29,0.06,4.09,-32.35,-69.12,66.07,0.05,0.63,0.89
13.815,3,-0.076,-0.06,-0.24,-0.97,183.97,-4.21,28.13,0.05,-0.08,0.17,4.09,-34.64,5.04,55.39,0.1,0.52,1.12
13.819,0,-0.311,0.13,-0.07,-0.94,157.82,16.1,2.76,0.21,0.1,-0.05,4.09,0.15,12.97,3.2,-0.47,-0,0.86
13.821,4,-0.669,0.32,-0.36,0.57,289.78,7.07,-57.51,-0.1,-0.07,-0.04,3.94,45.17,7.02,6.26,-0.16,-0.85,0.5
13.825,2,-0.411,0.09,-0.17,0.89,243.86,-0.94,-22.67,0.04,0.03,-0.11,4.09,3.81,-1.37,24.72,0.02,-0.29,0.85
13.826,5,0.778,0.21,0.45,0.39,83.29,32.17,53.16,-0.19,-0.03,0.04,4.01,-22.89,-15.11,0.46,-0.64,0.85,0.42
13.906,1,-0.199,0,-0.07,-0.98,171.12,1.94,7.51,-0.09,-0.14,-0.17,4.09,18.16,-11.6,58.59,0.1,0.01,0.83
13.908,6,0.902,0.11,-0.24,-0.34,328.54,-21.35,22.94,-0.69,-0.2,-0.13,3.96,5.8,138.7,-60.73,-0.04,-0.11,1.15
13.911,7,-0.973,-0.16,0.06,-0.15,30.03,-9.2,17.83,-0.18,0.05,-0.05,4.09,-60.42,-55.08,0.61,0.09,0.43,0.8
13.913,3,-0.04,-0.06,-0.21,-0.98,188.06,-6.11,24.3,0.1,0.16,0.01,4.09,-10.99,2.9,12.66,-0.02,0.55,0.88
13.917,0,-0.31,0.13,-0.07,-0.94,157.96,16.83,3.26,0.17,0.06,-0.11,4.09,2.29,4.12,0.61,-0.42,-0.02,0.8
13.918,4,-0.683,0.29,-0.35,0.57,289.97,8.03,-53.54,0.06,-0.04,-0.09,3.94,30.36,-6.41,-4.88,-0.14,-0.73,0.6
13.922,2,-0.416,0.09,-0.17,0.89,244.53,-1.47,-22.49,0.01,-0.12,-0.05,4.09,0,-1.83,-2.14,-0.08,-0.42,0.85
13.924,5,0.799,0.2,0.42,0.38,79.25,31.64,48.76,0.11,-0.01,0.19,4.01,-28.08,-22.74,-19.53,-0.36,0.69,0.64
14.005,1,-0.174,-0.01,-0.08,-0.98,173.88,-0.17,8.77,-0.09,-0.16,-0.15,4.09,21.06,-17.55,35.25,0.14,-0,0.86
14.006,6,0.938,0.11,-0.12,-0.3,336.69,-9,17.02,0.1,0.36,0.31,3.96,-73.24,127.41,54.63,0.51,0.15,1.25
14.009,7,-0.975,-0.14,0.12,-0.13,27.63,-15.46,14.1,-0.15,0.07,-0.07,4.09,-44.71,-72.17,49.9,0.06,0.16,0.94
14.011,3,-0.055,-0.06,-0.22,-0.97,186.36,-5.22,25.68,0.23,-0.08,-0.12,4.09,-7.32,8.09,-22.28,-0.13,0.3,0.83
14.014,0,-0.311,0.12,-0.08,-0.94,157.97,16.43,4.1,0.21,0.04,-0.11,4.09,2.75,1.07,1.22,-0.45,-0.03,0.82
14.016,4,-0.688,0.28,-0.34,0.58,289.99,7.94,-51.43,-0.05,-0.1,-0.14,3.94,13.89,3.66,-1.83,-0.15,-0.78,0.62
14.02,2,-0.424,0.1,-0.17,0.88,245.5,-1.24,-22.85,0.04,-0.06,-0.01,4.09,-7.02,-7.48,6.41,-0.05,-0.4,0.92
14.021,5,0.81,0.19,0.41,0.38,77.51,31.51,45.79,0.03,-0.04,0.03,4.01,-22.58,-11.14,-15.26,-0.46,0.49,0.54
14.118,1,-0.147,-0.03,-0.08,-0.99,176.96,-1.81,10.03,-0.12,-0.42,-0.03,4.09,25.79,-3.2,44.86,0.28,-0.17,1.02
14.12,6,0.969,0.07,-0.01,-0.24,346.85,0.8,8.14,0.29,-0.02,0.13,3.96,-86.82,123.6,62.1,0.23,0.31,1.06
14.124,7,-0.961,-0.1,0.18,-0.18,34.21,-22.68,7.51,-0.43,-0.17,0.01,4.09,-35.4,-39.83,26.09,0.04,0.61,0.94
14.125,3,-0.073,-0.06,-0.21,-0.97,184.46,-4.57,25.2,0.1,-0.06,-0.08,4.09,-4.27,-5.95,-3.81,-0.05,0.35,0.85
14.129,0,-0.307,0.12,-0.08,-0.94,158.55,15.89,4.35,0.15,-0,0.02,4.09,-2.14,-11.29,14.95,-0.4,-0.01,0.95
14.13,4,-0.694,0.27,-0.33,0.58,290.37,8.63,-50.38,-0.06,-0.02,0.03,3.94,-5.04,0.61,13.28,-0.19,-0.8,0.58
14.137,2,-0.42,0.1,-0.18,0.88,245.25,-1.79,-24.06,-0.09,-0.05,0.02,4.09,-11.44,-7.17,-10.68,0.05,-0.51,0.89
14.139,5,0.817,0.18,0.4,0.37,76.02,31.33,43.99,0.04,-0.04,0.13,4.01,-1.53,-3.2,-5.04,-0.54,0.69,0.75
14.2,1,-0.111,-0.04,-0.1,-0.99,180.89,-2.97,11.91,-0.23,-0.39,0.09,4.09,14.8,2.14,47.3,0.33,-0.07,1.12
14.202,6,0.974,0.03,0.09,-0.21,350.25,10.39,1.65,0.15,0.04,-0.32,3.96,-54.02,68.97,1.53,0.02,0.04,0.68
14.206,7,-0.956,-0.08,0.2,-0.2,36.77,-24.39,4.63,-0.21,-0.04,0.02,4.09,-28.84,-8.54,65.46,0.25,0.2,0.99
14.207,3,-0.081,-0.06,-0.22,-0.97,183.53,-4.43,25.96,0.27,-0.11,-0.18,4.09,3.36,5.19,1.98,-0.18,0.24,0.79
14.211,0,-0.293,0.1,-0.07,-0.95,160.25,13.47,4.57,0.12,0.01,0.06,4.09,-7.32,-24.26,21.21,-0.35,0.03,1.02
14.212,4,-0.698,0.27,-0.34,0.57,291.27,9.79,-51.35,-0.11,-0.06,-0.01,3.94,-17.85,-4.43,20.6,-0.24,-0.77,0.52
14.217,2,-0.407,0.12,-0.18,0.89,244.1,-3.55,-25.05,-0.13,-0.07,0.02,4.09,1.37,-11.29,-21.82,0.07,-0.56,0.87
14.218,5,0.812,0.18,0.41,0.38,77.13,31.6,45.32,-0.01,0.02,-0.14,4.01,5.19,17.7,8.85,-0.63,0.64,0.64
14.299,1,-0.092,-0.04,-0.09,-0.99,183.12,-3.44,10.67,0.23,0.32,0.15,4.09,-39.52,17.55,-28.23,-0.24,0.46,1.04
14.301,6,0.978,0.01,0.13,-0.17,354.54,14.68,-1.82,-0.09,0.18,-0.31,3.96,-25.48,9.61,96.44,-0.2,-0.2,0.67
14.304,7,-0.946,-0.05,0.19,-0.26,44.59,-22.78,0.23,-0.59,-0.07,0.02,4.09,3.97,71.87,34.94,-0,0.36,1.13
14.306,3,-0.067,-0.06,-0.21,-0.97,185.01,-5.09,24.88,0.09,0.03,0.01,4.09,-5.8,-7.78,17.85,0.01,0.4,0.96
14.309,0,-0.287,0.08,-0.07,-0.95,161.01,11.15,4.76,0.27,0.08,-0.02,4.09,2.75,-2.29,6.26,-0.47,-0.02,0.91
14.311,4,-0.706,0.28,-0.35,0.55,292.96,11.27,-52.62,-0.17,-0.04,0,3.94,-6.56,-9.61,29.91,-0.24,-0.77,0.43
14.314,2,-0.379,0.12,-0.19,0.9,240.84,-4.24,-26.12,-0.37,-0.03,0.03,4.09,-32.5,15.56,2.75,0.36,-0.69,0.73
14.316,5,0.802,0.19,0.42,0.38,79.21,31.82,46.77,0.01,-0,0.1,4.01,-2.44,8.39,18.31,-0.58,0.75,0.67
14.402,1,-0.128,-0.02,-0.07,-0.99,179.24,-1.38,8.58,0.05,-0.06,0.14,4.09,-23.5,23.96,-76.29,-0.01,0.02,1.15
14.403,6,0.99,0.01,0.13,-0.07,6.33,14.57,-0.24,-0.17,-0.2,0.11,3.96,-7.93,-6.87,108.18,-0.46,0.24,0.94
14.407,7,-0.961,-0.07,0.12,-0.24,41.86,-14.96,4.4,0,0.23,0.33,4.09,59.66,85.45,-90.79,0.28,-0.08,1.33
14.408,3,-0.055,-0.07,-0.21,-0.97,186.21,-6.13,24.75,0.07,-0.17,0.04,4.09,-0.46,2.59,25.94,0.06,0.27,0.99
14.412,0,-0.275,0.09,-0.08,-0.95,162.62,12.11,6.33,0.23,0.08,0.04,4.09,14.19,38.6,28.38,-0.45,0.07,0.95
14.413,4,-0.744,0.26,-0.38,0.49,298.73,18.34,-52.52,-0.44,-0.16,0.43,3.94,-47.45,14.04,207.52,-0.5,-1.3,0.36
14.418,2,-0.435,0.14,-0.22,0.86,248.32,-2.85,-30.13,0.11,0.16,-0.17,4.09,-31.74,-26.86,46.08,0.07,-0.17,0.91
14.419,5,0.795,0.18,0.42,0.4,81.14,32.03,47.08,-0.12,-0.04,0.09,4.01,-15.26,18.31,13.58,-0.61,0.76,0.55
14.5,1,-0.169,-0,-0.07,-0.98,174.59,0.91,7.7,-0.12,-0.17,-0.12,4.09,-10.53,0.31,-54.93,0.15,0.01,0.9
14.502,6,0.99,0.02,0.12,-0.08,5.41,13.35,0.97,0.92,-0.67,-0.58,3.96,17.4,-25.48,-204.62,0.76,0.21,0.15
14.506,7,-0.97,-0.11,0.01,-0.21,38.44,-3.94,12.26,0.12,0,0.06,4.09,89.57,113.22,-16.17,0.16,0.24,1.01
14.507,3,-0.016,-0.07,-0.19,-0.98,190.71,-7.17,22.43,0.13,0.17,0.09,4.09,-27.47,23.04,51.42,-0.02,0.57,0.96
14.51,0,-0.252,0.11,-0.1,-0.96,165.63,15.46,8.13,0.18,0.31,-0.09,4.09,-5.65,16.02,7.78,-0.52,0.26,0.74
14.512,4,-0.788,0.23,-0.43,0.37,307.72,30.95,-52.41,-0.43,0.27,-0.9,3.94,6.56,-8.85,8.54,-0.07,-0.57,-0.2
14.516,2,-0.431,0.15,-0.21,0.86,248.15,-4.22,-29.92,0.21,-0.21,0.12,4.09,14.5,5.8,-12.36,-0.1,-0.68,0.99
14.518,5,0.794,0.16,0.43,0.4,82,32.92,45.91,0.06,0.12,-0.12,4.01,-17.09,6.87,3.2,-0.7,0.47,0.69
14.603,1,-0.214,-0,-0.06,-0.98,169.43,1.32,6.53,-0.15,0.06,-0.09,4.09,-13.12,-9.46,-73.85,0.09,0.22,0.89
14.605,6,0.987,0.03,0.05,-0.15,356.98,6.13,2.23,0.2,0.03,0.11,3.96,12.51,-62.56,-25.94,0.1,0.06,1.1
14.608,7,-0.96,-0.16,-0.09,-0.21,39.75,6.5,20.62,0.05,-0.33,-0.05,4.09,81.79,77.82,-50.66,0.07,0.67,0.74
14.61,3,0,-0.06,-0.18,-0.98,192.85,-6.41,21.31,0.2,0.12,0.12,4.09,0,19.07,-7.48,-0.08,0.54,1.01
14.613,0,-0.255,0.12,-0.11,-0.95,165.44,16.29,9.25,0.22,0.07,-0.11,4.09,8.24,4.12,-9,-0.46,0.08,0.79
14.614,4,-0.793,0.21,-0.42,0.39,307.65,30.36,-49.57,0.38,0.54,0.82,3.94,-19.38,-12.36,106.05,-0.45,-0.53,1.07
14.618,2,-0.46,0.14,-0.23,0.84,251.6,-1.44,-31.63,0.23,0.14,-0.28,4.09,-15.56,-0.92,19.23,0.01,-0.15,0.75
14.62,5,0.792,0.16,0.42,0.41,83,32.83,45.16,-0.03,0.1,0.27,4.01,-11.9,7.93,-3.97,-0.49,0.55,0.51
14.703,1,-0.27,-0.01,-0.05,-0.96,162.77,0.9,5.39,-0.19,-0.18,-0.13,4.09,-29.6,-15.26,-90.33,0.26,0.02,0.87
14.704,6,0.985,0.04,-0.01,-0.17,354.52,0.08,4.17,0.04,0.16,0.01,3.96,31.59,-79.96,-11.14,0.1,-0.06,1.02
14.709,7,-0.957,-0.21,-0.16,-0.12,31.64,15.35,27.03,0.26,-0.24,-0.75,4.09,66.83,-30.98,-106.05,0.17,0.3,0.33
14.711,3,-0.027,-0.04,-0.19,-0.98,190.17,-3.72,22.45,0.22,0.09,-0.1,4.09,5.8,13.43,-24.72,-0.16,0.43,0.8
14.716,0,-0.269,0.11,-0.12,-0.95,163.84,15.85,10.36,0.13,0.16,-0.08,4.09,16.48,-15.56,-36.47,-0.42,0.22,0.81
14.717,4,-0.818,0.2,-0.42,0.33,314.5,33.63,-47.47,-0.13,0.27,0.11,3.94,-3.97,-17.09,54.02,-0.6,-0.86,0.57
14.723,2,-0.447,0.15,-0.24,0.85,250.48,-2.47,-33.4,0.01,-0.03,0.05,4.09,-24.87,-9.31,3.66,0.02,-0.57,0.88
14.724,5,0.792,0.15,0.42,0.41,83.07,32.84,44.52,0.1,-0.08,-0.11,4.01,-1.22,-4.12,8.54,-0.62,0.48,0.59
14.807,1,-0.32,-0.01,-0.02,-0.95,156.77,0.17,2.34,-0.02,-0.54,0.1,4.09,-40.74,-14.5,-39.67,0.35,-0.41,1.2
14.808,6,0.981,0.05,-0.08,-0.17,353.77,-7.65,7.17,-0.1,-0.11,0.07,3.96,28.38,-80.41,-34.94,-0.01,0.25,1.03
14.814,7,-0.955,-0.25,-0.14,-0.05,24.58,14.14,31.12,0.1,0.42,0.1,4.09,35.1,-24.57,-0.15,-0.13,0.18,1.14
14.816,3,-0.026,-0.03,-0.2,-0.98,190.52,-2.59,23.11,0.17,0.04,-0.09,4.09,-0.61,11.44,25.94,-0.12,0.4,0.82
14.82,0,-0.303,0.09,-0.13,-0.94,159.79,14.28,11.38,0.14,-0.06,0.2,4.09,4.73,-26.55,-16.63,-0.38,0.09,1.17
14.821,4,-0.828,0.2,-0.42,0.31,317.67,35.36,-46.56,-0.06,-0.02,-0.05,3.94,-14.65,-6.26,8.54,-0.63,-0.63,0.53
14.827,2,-0.447,0.16,-0.26,0.84,250.91,-2.55,-35.76,-0.16,0.11,0.07,4.09,-14.19,5.65,-4.43,0.23,-0.69,0.8
14.828,5,0.787,0.16,0.42,0.42,84.01,32,45.58,0.04,-0.05,-0,4.01,8.24,-3.2,10.07,-0.59,0.49,0.54
14.906,1,-0.312,-0.01,-0.01,-0.95,157.67,-0.46,1.09,0.05,-0.12,0.25,4.09,32.2,-7.93,76.45,-0.04,-0.1,1.23
14.907,6,0.952,0.07,-0.14,-0.26,341.7,-13.7,12.38,-0.34,0.1,-0.04,3.96,20.9,-88.5,-137.18,0,-0.05,1
14.913,7,-0.955,-0.27,-0.1,-0.09,27.08,8.23,31.96,0.93,0.5,0.17,4.09,-34.94,9.61,79.5,0.57,-0.01,1.19
14.914,3,-0.003,-0.02,-0.2,-0.98,193.21,-2.6,23.49,0.11,0.03,-0.07,4.09,3.36,16.33,43.33,-0.04,0.4,0.83
14.92,0,-0.308,0.08,-0.13,-0.94,159.09,12.81,11.31,0.44,0,0.09,4.09,-10.38,6.71,0,-0.58,0.01,0.98
14.921,4,-0.826,0.21,-0.43,0.3,317.58,35.82,-47.66,-0.09,0.1,-0.04,3.94,-7.32,1.83,4.88,-0.59,-0.67,0.44
14.927,2,-0.425,0.17,-0.26,0.85,248.23,-3.73,-35.44,-0.05,-0.13,0.18,4.09,17.55,-2.44,-34.64,-0.05,-0.75,0.89
14.929,5,0.782,0.18,0.42,0.42,84.74,30.65,47.52,0.04,0.03,0.09,4.01,17.7,-11.44,12.51,-0.56,0.65,0.67
15.004,1,-0.228,-0.01,-0.03,-0.97,167.67,-0.68,3.98,0.07,-0.25,0.05,4.09,27.62,11.14,119.93,0.09,-0.1,1.04
15.006,6,0.916,0.09,-0.19,-0.35,330.18,-16.37,17.58,-0.57,-0.28,0.06,3.96,26.09,-36.16,-78.89,-0.32,0.2,1.25
15.011,7,-0.954,-0.25,-0.04,-0.15,32.4,-0.34,29.79,0.04,-0.19,0.01,4.09,-30.67,-64.7,42.27,0.08,0.59,0.78
15.012,3,0.03,-0.02,-0.21,-0.98,196.86,-3.1,24.44,0.06,0.09,0.09,4.09,29.45,20.29,12.36,0,0.53,1.01
15.018,0,-0.301,0.08,-0.13,-0.94,159.92,13.61,11.62,0.29,0.03,-0.08,4.09,-2.9,7.02,12.05,-0.46,0.02,0.85
15.019,4,-0.824,0.21,-0.43,0.3,317.39,36.29,-48.29,-0.12,0.04,-0.11,3.94,1.83,-6.26,8.7,-0.63,-0.61,0.39
15.024,2,-0.436,0.16,-0.25,0.85,249.33,-2.89,-34.94,0.05,0.15,-0.08,4.09,-1.83,4.73,37.23,0.13,-0.44,0.82
15.026,5,0.786,0.19,0.41,0.42,83.39,29.48,47.6,-0.01,0.04,0.11,4.01,-8.09,-23.8,3.66,-0.55,0.71,0.69
15.123,1,-0.162,-0.02,-0.05,-0.99,175.29,-1.33,5.56,-0.03,-0.07,-0.12,4.09,6.41,-11.44,45.78,0.06,0.03,0.9
15.125,6,0.904,0.13,-0.17,-0.37,326.95,-11.97,21.03,-1.12,0.06,0.16,3.96,1.98,133.06,9.61,-0.18,-0.33,1.48
15.128,7,-0.957,-0.23,0.02,-0.18,33.61,-7.28,25.46,-0.21,-0.34,0.02,4.09,-47,-71.56,2.75,0.01,0.77,0.79
15.13,3,0.044,-0,-0.23,-0.97,198.88,-1.41,26.43,0.14,-0.18,0.14,4.09,-3.05,24.72,12.05,-0.13,0.36,1.09
15.135,0,-0.295,0.08,-0.13,-0.94,160.69,13.35,11.54,0.24,0.06,-0.15,4.09,-6.41,3.2,6.1,-0.42,0.08,0.78
15.136,4,-0.832,0.2,-0.42,0.3,318.92,35.97,-46.03,-0.06,0.02,0.04,3.94,16.63,-15.87,5.95,-0.59,-0.66,0.56
15.141,2,-0.429,0.16,-0.25,0.85,248.67,-3.87,-34.43,0.01,-0.16,-0,4.09,2.9,-0.76,0.15,-0.07,-0.63,0.78
15.142,5,0.799,0.18,0.39,0.42,81.16,28.43,44.34,0.07,0.08,-0.02,4.01,-27.16,-18.31,0.46,-0.58,0.64,0.76
15.206,1,-0.14,-0.03,-0.05,-0.99,177.82,-2.15,5.81,-0.12,-0.23,-0.09,4.09,19.84,-14.65,28.69,0.21,-0.09,0.94
15.208,6,0.954,0.13,-0.04,-0.27,342.46,-0.96,15.57,0.43,0.45,0.05,3.96,-65,134.74,127.87,0.61,0.09,1.03
15.218,7,-0.963,-0.2,0.08,-0.16,30.36,-12.71,22.1,-0.15,0.19,-0.01,4.09,-49.13,-45.93,59.51,0.09,0.29,0.96
15.222,3,0.056,0.01,-0.22,-0.97,200.52,-0.24,25.46,0.17,0.05,-0.09,4.09,-10.07,18.16,-29.14,-0.18,0.43,0.8
15.226,0,-0.289,0.09,-0.13,-0.94,161.45,13.86,11.29,0.34,-0.07,-0.04,4.09,-1.22,3.81,14.65,-0.47,-0.06,0.91
15.228,4,-0.837,0.19,-0.42,0.3,319.87,35.76,-44.62,-0.06,0.09,0.13,3.94,8.39,-7.93,14.04,-0.61,-0.52,0.48
15.24,2,-0.44,0.16,-0.26,0.85,249.68,-2,-35.06,0.02,0.01,-0.04,4.09,-0.46,0.92,0,0.02,-0.54,0.81
15.241,5,0.804,0.17,0.38,0.43,80.82,27.33,42.3,-0.05,-0.13,0.26,4.01,-18.01,-7.48,-3.97,-0.41,0.63,0.69
15.306,1,-0.117,-0.03,-0.06,-0.99,180.41,-2.84,7.02,-0.11,-0.3,-0.05,4.09,29.3,19.84,30.98,0.25,-0.13,0.94
15.307,6,0.985,0.09,0.06,-0.13,359.35,7.9,9.74,0.57,-0.58,-0.03,3.96,-57.37,134.12,117.95,0.26,0.93,0.83
15.312,7,-0.957,-0.16,0.15,-0.19,33.54,-19.93,15.98,-0.46,-0.15,0.05,4.09,-35.71,-52.19,-16.02,-0.01,0.59,0.99
15.313,3,0.054,0.02,-0.21,-0.98,200.75,1.43,24.37,0.18,0.05,-0.11,4.09,-7.32,14.8,7.78,-0.25,0.37,0.77
15.317,0,-0.278,0.09,-0.12,-0.95,162.73,13.97,10.68,0.21,-0.01,-0.03,4.09,-4.73,-11.14,13.12,-0.39,0.05,0.91
15.319,4,-0.842,0.19,-0.41,0.29,321.2,35.95,-43.66,-0.01,0.1,0.01,3.94,-10.22,-6.87,12.97,-0.53,-0.62,0.56
15.341,2,-0.436,0.16,-0.26,0.85,249.41,-2.78,-35.16,-0.04,-0.06,0.07,4.09,-2.59,-4.12,11.75,0.02,-0.66,0.82
15.343,5,0.805,0.17,0.37,0.43,80.63,26.57,41.7,0.07,0.1,0.04,4.01,0,0.15,6.56,-0.37,0.56,0.73
15.404,1,-0.086,-0.04,-0.07,-0.99,183.84,-3.31,8.79,-0.03,-0.36,0.04,4.09,18.31,21.36,42.11,0.18,-0.17,1.02
15.406,6,0.98,0.07,0.13,-0.13,359.39,15.89,5.79,0.2,0.22,-0.35,3.96,-36.47,34.33,-24.87,0.04,-0.08,0.69
15.409,7,-0.953,-0.14,0.17,-0.21,35.91,-22.63,12.35,-0.06,-0.08,-0.13,4.09,-35.86,-1.83,93.23,0.32,0.3,0.78
15.411,3,0.077,0.04,-0.2,-0.98,203.64,2.66,23.89,0.16,-0.14,-0.02,4.09,-4.58,24.11,34.64,-0.17,0.3,0.91
15.414,0,-0.261,0.08,-0.11,-0.96,164.58,12.38,9.86,0.2,-0.02,-0.1,4.09,-12.21,-22.74,27.16,-0.38,0.05,0.87
15.416,4,-0.843,0.2,-0.42,0.27,322.64,36.58,-44.51,-0.08,-0,0.01,3.94,-24.11,-7.48,6.26,-0.64,-0.6,0.51
15.42,2,-0.446,0.16,-0.26,0.84,250.59,-2.32,-35.44,0.02,-0,-0.01,4.09,0.61,-1.37,-3.51,0.02,-0.57,0.8
15.421,5,0.8,0.17,0.37,0.44,81.89,26.47,42.08,0.09,0.03,-0.05,4.01,-7.78,13.28,12.97,-0.52,0.62,0.75
15.523,1,-0.056,-0.03,-0.07,-1,187.32,-3.2,8.62,-0.01,-0.13,0.1,4.09,-4.58,-5.8,19.53,0.01,0.03,1.1
15.524,6,0.983,0.05,0.14,-0.11,1.95,16.8,4.18,0.03,0.19,-0.3,3.96,-10.68,-33.11,91.71,-0.22,-0.13,0.79
15.528,7,-0.94,-0.11,0.18,-0.27,44.48,-23.57,6.9,-0.21,0.08,0.18,4.09,-28.84,49.9,110.63,0.35,0.27,1.09
15.529,3,0.113,0.05,-0.2,-0.97,207.89,2.97,23.3,0.1,-0.09,0.05,4.09,-7.63,12.21,31.28,-0.15,0.33,0.94
15.533,0,-0.242,0.07,-0.1,-0.96,166.73,10.77,9.14,0.26,0.04,0.04,4.09,-14.19,7.48,30.21,-0.48,0.09,0.95
15.534,4,-0.844,0.22,-0.42,0.26,324.22,36.52,-46.31,-0.18,0.03,0.05,3.94,-34.79,-18.31,10.83,-0.68,-0.72,0.46
15.538,2,-0.443,0.16,-0.26,0.84,249.97,-1.95,-34.92,-0.09,0.11,0.14,4.09,21.06,4.27,28.84,0.17,-0.65,0.95
15.54,5,0.794,0.16,0.38,0.45,83.61,27.23,41.65,0.09,0.01,-0.07,4.01,-12.97,14.5,7.32,-0.42,0.51,0.69
15.621,1,-0.055,-0.02,-0.07,-1,187.59,-1.42,8.13,0.02,0.16,0.03,4.09,-15.41,46.08,-25.79,-0.01,0.29,0.99
15.623,6,0.993,0.05,0.11,-0.02,12.93,12.55,5.77,-0.25,-0.32,0.02,3.96,1.22,-23.96,92.62,-0.38,0.4,0.79
15.626,7,-0.939,-0.09,0.14,-0.3,48.68,-18.83,4.75,-0.35,0.24,0.11,4.09,24.57,74.92,-22.74,-0.03,0.05,1.19
15.627,3,0.149,0.06,-0.2,-0.97,212.3,3.21,23.86,0.09,-0.06,0.05,4.09,13.28,19.84,25.33,-0.21,0.32,0.92
15.631,0,-0.207,0.07,-0.09,-0.97,170.78,10.38,8.47,0.31,0.13,-0.05,4.09,-9.16,15.72,36.77,-0.5,0.12,0.85
15.632,4,-0.845,0.24,-0.41,0.24,326.44,35.91,-48.24,-0.05,0.12,0.14,3.94,-40.44,-16.94,-9.92,-0.54,-0.9,0.56
15.637,2,-0.462,0.15,-0.25,0.84,252,-0.75,-33.51,0.12,0.05,-0.03,4.09,16.33,-5.49,23.65,-0.01,-0.43,0.88
15.638,5,0.788,0.14,0.38,0.46,85.38,28.22,41.2,0.03,0.14,-0.04,4.01,-23.96,16.02,6.1,-0.62,0.53,0.71
15.72,1,-0.087,-0,-0.06,-0.99,184.04,0.35,7.41,0.06,-0,-0.08,4.09,-10.22,-4.88,-63.48,-0.06,0.11,0.91
15.722,6,0.993,0.05,0.1,-0.03,11.58,11.95,5.65,0.97,-0.75,-1.18,3.96,-5.8,-58.29,-166.63,0.89,0.7,-0
15.725,7,-0.946,-0.09,0.05,-0.31,49.25,-8.68,8.15,-0.31,-0.11,0.22,4.09,62.56,131.68,-16.33,-0.02,0.45,1.14
15.726,3,0.192,0.07,-0.2,-0.96,217.53,3.47,24.84,0.34,0.28,0.07,4.09,1.53,35.4,25.63,-0.29,0.77,0.75
15.73,0,-0.179,0.1,-0.1,-0.97,174.21,12.75,9.09,0.28,0.12,-0.13,4.09,-6.87,20.75,19.99,-0.49,0.15,0.77
15.731,4,-0.846,0.26,-0.41,0.22,328.19,34.82,-49.83,0.01,0.09,0.13,3.94,-10.68,-23.04,5.95,-0.53,-0.58,0.42
15.735,2,-0.493,0.14,-0.24,0.82,255.76,0.27,-32.35,0.13,0.06,-0.11,4.09,9.31,-16.94,32.2,-0.02,-0.36,0.83
15.737,5,0.782,0.13,0.39,0.47,87.05,29.05,40.35,0.06,-0.03,0.23,4.01,-10.53,19.53,14.34,-0.47,0.66,0.81
15.82,1,-0.135,-0.01,-0.06,-0.99,178.54,-0.24,6.51,-0.1,-0.01,-0.09,4.09,-9.61,-17.24,-60.42,0.19,0.12,0.88
15.821,6,0.995,0.07,0.03,-0.07,6.09,3.77,7.47,0.19,0.07,0.16,3.96,7.17,-89.11,21.51,0.14,0.13,1.14
15.825,7,-0.945,-0.13,-0.09,-0.28,48.44,6.03,17.61,0.15,-0.32,0.14,4.09,108.18,113.98,-64.24,0.19,0.47,1.07
15.827,3,0.202,0.08,-0.21,-0.95,218.86,4.03,25.38,0.24,0.04,0.11,4.09,-14.65,1.37,20.45,-0.31,0.6,0.91
15.83,0,-0.161,0.1,-0.1,-0.98,176.47,13.46,9.84,0.2,0.12,-0.07,4.09,3.81,10.68,4.58,-0.43,0.19,0.83
15.832,4,-0.852,0.27,-0.4,0.21,330.04,34.12,-49.19,-0.03,0.12,-0.04,3.94,-7.32,-13.58,3.51,-0.56,-0.75,0.5
15.836,2,-0.51,0.15,-0.24,0.81,258.29,0.15,-32.84,0.06,0.04,-0.03,4.09,-12.21,-13.28,26.09,0.01,-0.46,0.85
15.837,5,0.774,0.12,0.39,0.48,88.9,30.01,40.15,0,0.04,-0.05,4.01,-14.04,18.31,4.58,-0.59,0.48,0.64
15.918,1,-0.172,-0.02,-0.05,-0.98,174.2,-1.47,5.72,-0.18,-0.14,-0.01,4.09,-19.84,-7.48,-42.88,0.24,0,0.98
15.92,6,0.993,0.08,-0.04,-0.08,5.03,-4.3,9.03,0.08,-0.03,0.04,3.96,25.63,-77.36,-19.38,0.16,0.2,1
15.924,7,-0.943,-0.18,-0.19,-0.2,42.37,16.74,25.56,0.41,-0.16,-0.77,4.09,82.7,13.43,-71.87,0.33,0.13,0.34
15.925,3,0.199,0.08,-0.2,-0.96,218.45,4.15,24.52,0.19,-0.03,-0.01,4.09,-5.19,-2.59,7.78,-0.22,0.48,0.86
15.928,0,-0.156,0.1,-0.11,-0.98,177.25,13.78,11.33,0.16,0.06,0.01,4.09,5.8,-10.38,0.31,-0.42,0.19,0.95
15.93,4,-0.849,0.28,-0.4,0.21,330.2,33.87,-50.43,-0.02,0.11,0.16,3.94,-14.65,-0.76,-9.61,-0.59,-0.84,0.57
15.934,2,-0.52,0.16,-0.24,0.8,259.97,-0.22,-33.96,-0.05,0.1,0.07,4.09,-19.99,-12.05,-1.53,0.12,-0.61,0.88
15.935,5,0.768,0.11,0.4,0.49,90.5,31.21,40.42,0.05,-0.02,-0.14,4.01,7.48,16.02,13.73,-0.54,0.5,0.67
16.019,1,-0.194,-0.02,-0.03,-0.98,171.6,-1.87,3.39,-0.14,-0.57,-0.01,4.09,-39.37,-10.83,-19.23,0.3,-0.45,0.98
16.02,6,0.985,0.09,-0.1,-0.1,1.15,-10.5,12.16,-0.08,0.18,-0.01,3.96,27.31,-61.19,-16.48,0.15,0.07,1.01
16.024,7,-0.939,-0.23,-0.18,-0.18,40.14,14.17,31.24,0.14,0.45,-0.04,4.09,35.55,-45.17,77.82,-0.25,0.1,1.06
16.026,3,0.203,0.08,-0.2,-0.95,219.02,4.36,24.85,0.1,-0,-0.13,4.09,3.2,7.02,-1.22,-0.16,0.4,0.76
16.029,0,-0.155,0.09,-0.12,-0.98,177.21,11.92,11.7,0.23,0.15,0.07,4.09,-7.63,-33.26,-14.04,-0.51,0.22,0.98
16.031,4,-0.844,0.29,-0.41,0.2,330.33,34.8,-52.22,-0.12,0.08,-0.01,3.94,-25.02,8.54,8.39,-0.6,-0.73,0.37
16.035,2,-0.519,0.17,-0.25,0.8,260.3,-0.77,-35.29,-0.04,0.15,0.08,4.09,-5.95,-13.89,14.95,0.18,-0.63,0.86
16.037,5,0.755,0.11,0.42,0.49,93.06,31.71,42.56,-0.05,0.09,0.09,4.01,11.44,19.84,11.75,-0.54,0.59,0.63
16.116,1,-0.168,-0.04,-0.02,-0.98,174.58,-3.62,3.5,0.22,-0.09,0.22,4.09,53.25,12.36,98.72,-0.06,-0.19,1.18
16.118,6,0.97,0.12,-0.16,-0.15,354.63,-15.7,16.52,-0.24,0.04,0.02,3.96,29.75,-86.21,-88.35,0.08,0.06,1.06
16.122,7,-0.933,-0.25,-0.13,-0.23,43.75,7.43,31.43,0.72,0.14,-0.41,4.09,-84.69,40.44,138.09,0.77,0.53,0.62
16.123,3,0.214,0.08,-0.2,-0.95,220.26,4.13,24.97,0.05,0.06,0.01,4.09,3.2,1.98,19.23,-0.09,0.5,0.94
16.127,0,-0.144,0.07,-0.11,-0.98,178.3,9.55,11.07,0.4,0.03,0.06,4.09,-7.78,14.95,29.75,-0.56,0.12,0.97
16.128,4,-0.84,0.3,-0.42,0.18,330.66,36.13,-53.7,-0.03,0.04,0.07,3.94,-6.56,-2.59,11.29,-0.58,-0.8,0.51
16.132,2,-0.51,0.19,-0.25,0.8,259.71,-2.32,-36.37,0.11,-0.13,0.11,4.09,5.19,-7.32,-12.66,-0.12,-0.63,0.91
16.135,5,0.745,0.11,0.43,0.5,94.88,31.75,44.39,0.07,-0.02,-0.15,4.01,10.38,9.61,28.08,-0.64,0.68,0.79
16.215,1,-0.068,-0.03,-0.05,-1,186.07,-3.36,5.73,-0.13,-0.08,-0,4.09,33.57,7.93,145.42,0.21,0.05,0.97
16.216,6,0.95,0.14,-0.2,-0.19,347.27,-19.43,21.18,-1.2,0,-0.08,3.96,15.26,-0.76,-29.14,-0.72,-0.05,1.34
16.221,7,-0.922,-0.24,-0.07,-0.3,49.95,-0.8,28.45,0.01,0.27,0.1,4.09,-40.28,-32.04,101.17,-0.1,0.25,1.11
16.222,3,0.259,0.08,-0.2,-0.94,225.56,3.23,24.61,0.06,0.05,0.1,4.09,-18.31,22.89,61.8,-0.09,0.52,0.97
16.226,0,-0.108,0.08,-0.11,-0.99,182.55,9.87,11.21,0.34,-0.01,-0.04,4.09,-12.66,13.12,32.81,-0.49,0.09,0.88
16.227,4,-0.844,0.29,-0.42,0.17,331.91,37.46,-52.37,-0.05,0.03,-0.02,3.94,15.72,-7.02,12.05,-0.66,-0.71,0.46
16.23,2,-0.543,0.18,-0.25,0.78,263.88,-0.72,-36.07,0.11,0.23,-0.02,4.09,-1.53,-19.84,18.46,0.14,-0.41,0.88
16.232,5,0.731,0.12,0.44,0.51,97.4,31.16,46.57,0.02,-0.07,0.04,4.01,-1.68,12.51,12.05,-0.49,0.62,0.64
16.313,1,0.015,-0.05,-0.07,-1,195.39,-5.49,7.75,-0.1,-0.11,-0.14,4.09,25.02,-13.73,84.84,0.17,-0.01,0.8
16.315,6,0.955,0.16,-0.12,-0.21,346.86,-9.71,21.74,-0.18,1.05,0.14,3.96,-46.23,169.07,15.87,0.56,-0.56,1.42
16.319,7,-0.915,-0.21,-0.01,-0.35,54.25,-7.48,22.61,-0.15,-0.1,0.03,4.09,-51.27,-60.12,13.12,0.13,0.46,0.85
16.32,3,0.321,0.08,-0.16,-0.93,232.66,2.73,20.57,0.24,0.04,0.25,4.09,-58.75,17.4,32.35,-0.25,0.62,1.08
16.324,0,-0.061,0.08,-0.1,-0.99,187.93,9.84,10.51,0.3,-0.02,-0.16,4.09,-18.62,7.17,47,-0.44,0.1,0.78
16.325,4,-0.851,0.28,-0.41,0.17,333.49,37.5,-50.4,-0.07,0.03,-0.12,3.94,9.77,-12.05,3.51,-0.65,-0.69,0.44
16.329,2,-0.548,0.2,-0.24,0.78,265.26,-2.8,-35.91,0.03,-0.01,-0.01,4.09,-3.66,-19.68,58.14,0.03,-0.54,0.82
16.33,5,0.721,0.11,0.44,0.52,99.69,31.04,46.66,0.02,-0.08,-0.01,4.01,-20.14,9.16,1.37,-0.48,0.51,0.57
16.432,1,0.068,-0.06,-0.08,-0.99,201.31,-7.89,9.16,-0.02,-0.14,-0.03,4.09,21.97,-8.24,59.81,0.13,0,0.98
16.433,6,0.988,0.11,-0.02,-0.11,1.14,-0.43,12.68,0.25,0.35,0.41,3.96,-97.05,137.18,184.33,0.23,0.15,1.49
16.438,7,-0.904,-0.18,0.07,-0.38,57.94,-14.93,15.9,-0.21,0.13,-0.05,4.09,-49.44,-30.52,126.95,0.06,0.39,0.9
16.439,3,0.292,0.09,-0.13,-0.94,229.13,5.08,17,0.06,0.01,0.06,4.09,-10.38,6.56,-90.18,-0.15,0.32,0.97
16.443,0,-0.012,0.08,-0.08,-0.99,193.44,8.88,9.42,0.27,-0.02,-0.1,4.09,-18.31,4.12,32.35,-0.41,0.12,0.84
16.444,4,-0.862,0.26,-0.4,0.17,335.45,37.59,-47.1,-0.14,-0.01,-0.07,3.94,22.43,-18.77,6.41,-0.54,-0.64,0.47
16.447,2,-0.579,0.2,-0.24,0.75,269.71,-1.8,-36.45,0.02,-0.1,-0.01,4.09,-6.56,-13.58,19.99,-0.08,-0.6,0.8
16.449,5,0.719,0.11,0.43,0.54,100.28,30.07,45.42,0.14,0.03,-0.06,4.01,-12.36,-12.66,7.17,-0.53,0.46,0.7
16.531,1,0.111,-0.06,-0.1,-0.99,206.14,-8.48,10.4,-0.22,-0.08,-0.22,4.09,35.4,0.31,43.64,0.31,-0,0.76
16.532,6,0.995,0.05,0.09,0,14.61,10.43,5.46,0.32,-0.27,-0.26,3.96,-68.36,106.35,7.48,0.17,0.16,0.78
16.537,7,-0.881,-0.14,0.11,-0.44,65.2,-18.52,9.63,-0.32,-0.06,-0.07,4.09,-40.89,-26.7,22.58,0.15,0.42,0.88
16.539,3,0.235,0.09,-0.13,-0.96,222.55,6.79,16.75,0.18,-0.1,-0.12,4.09,24.87,-12.21,-92.93,-0.32,0.21,0.8
16.542,0,0.036,0.07,-0.07,-0.99,198.75,7.97,8.26,0.24,-0.06,-0.15,4.09,-18.31,-10.22,38.76,-0.33,0.07,0.81
16.544,4,-0.876,0.23,-0.39,0.16,338.61,38.06,-42.3,-0.04,0.05,-0.02,3.94,23.8,-12.51,24.87,-0.62,-0.57,0.54
16.547,2,-0.607,0.2,-0.25,0.73,273.63,0.61,-37.81,0.07,0.05,-0.1,4.09,-8.24,-12.36,33.87,0.02,-0.48,0.77
16.549,5,0.713,0.11,0.42,0.55,101.26,28.61,45.49,0,0.02,-0.11,4.01,1.22,10.07,17.4,-0.52,0.52,0.59
16.63,1,0.139,-0.07,-0.11,-0.98,209.13,-9.62,11.85,-0.11,-0.23,0.05,4.09,1.37,-22.13,26.55,0.07,0.11,1.12
16.631,6,0.986,-0,0.15,0.06,21.37,17.62,0.94,0.34,-0.18,-0.49,3.96,-42.88,34.48,114.29,0.21,0.19,0.59
16.635,7,-0.871,-0.12,0.14,-0.46,68.48,-20.93,4.26,-0.42,-0.13,0.13,4.09,-43.79,-12.82,64.85,0.29,0.56,1.12
16.637,3,0.194,0.08,-0.13,-0.97,217.65,6.49,16.88,0.07,-0.07,-0.08,4.09,-8.54,-12.97,-4.88,-0.16,0.24,0.9
16.64,0,0.08,0.05,-0.05,-0.99,203.59,5.09,6.58,0.25,0.06,0.24,4.09,-18.16,-29.45,-1.53,-0.41,0.34,1.26
16.642,4,-0.884,0.22,-0.39,0.14,341.7,38.78,-39.55,0.04,0.07,0,3.94,-4.88,-6.26,23.04,-0.64,-0.56,0.57
16.645,2,-0.611,0.22,-0.25,0.72,274.98,-0.22,-39.03,0.02,-0.01,0.05,4.09,-5.34,-10.53,-4.88,0.01,-0.67,0.86
16.646,5,0.699,0.11,0.43,0.56,103.79,28.7,47.17,0.07,0.06,0.28,4.01,5.8,22.13,-2.75,-0.41,0.6,0.61
16.732,1,0.139,-0.08,-0.09,-0.98,209.38,-9.92,8.78,0.44,0.09,0.37,4.09,-34.33,51.12,-48.37,-0.15,0.42,1.37
16.739,6,0.977,-0.01,0.15,0.15,31.77,17.4,2.1,0.01,-0.02,-0.37,3.96,-22.28,-51.42,78.12,-0.19,0.03,0.62
16.743,7,-0.855,-0.09,0.12,-0.5,73.9,-17.43,2.04,-0.39,-0.07,0.36,4.09,14.95,134.43,31.59,0.35,0.43,1.27
16.745,3,0.195,0.08,-0.12,-0.97,217.69,6.54,15.99,0.12,0.01,-0.07,4.09,6.26,-0.92,-9.31,-0.12,0.21,0.84
16.749,0,0.099,0.04,-0.05,-0.99,205.6,3.61,5.64,0.45,-0.09,0.16,4.09,-14.34,17.55,2.75,-0.54,0.11,1.11
16.75,5,0.687,0.11,0.45,0.56,106.3,29.95,48.85,0.12,-0.09,0.14,4.01,-3.51,29.14,-3.05,-0.49,0.43,0.51
16.755,2,-0.621,0.22,-0.24,0.71,276.39,-0.47,-38.12,0.08,0.21,0.16,4.09,13.73,-4.12,27.01,0.15,-0.63,0.95
16.756,4,-0.886,0.22,-0.39,0.12,343.88,39.18,-39.4,-0.08,0.09,0.13,3.94,-19.38,-13.28,14.65,-0.65,-0.56,0.62
16.83,1,0.097,-0.04,-0.07,-0.99,204.85,-5.62,7.06,0.05,-0.05,-0.11,4.09,-22.58,33.57,-88.04,0.03,0.07,0.89
16.832,6,0.967,0,0.11,0.23,40.7,12.66,3.22,-0.71,0.11,0.32,3.96,-6.1,-20.9,30.82,-1.08,0.28,1.14
16.836,7,-0.872,-0.09,0.02,-0.48,71.16,-7.53,8.28,0.19,0.12,0.28,4.09,92.32,93.69,-51.57,0.11,-0.03,1.28
16.837,3,0.228,0.07,-0.12,-0.96,221.38,4.73,15.66,-0.02,-0.09,-0.09,4.09,-10.38,0.46,85.45,-0.1,0.17,0.9
16.841,0,0.125,0.06,-0.03,-0.99,208.68,6.43,4.35,0.4,-0.04,-0.18,4.09,-9,29.3,18.01,-0.48,0.11,0.76
16.842,4,-0.883,0.25,-0.38,0.11,344.44,38.13,-41.83,-0.05,0.19,0.08,3.94,-32.5,-10.22,-5.95,-0.57,-0.75,0.61
16.845,2,-0.655,0.21,-0.24,0.69,280.8,1.46,-36.59,0.17,0.02,-0.06,4.09,-0.92,-8.85,60.58,-0.02,-0.39,0.83
16.847,5,0.665,0.09,0.47,0.57,110.72,31.57,50.5,0.1,0.14,0.11,4.01,-22.89,25.94,9,-0.71,0.63,0.64
16.929,1,0.05,-0.04,-0.06,-1,199.52,-4.75,6.94,0.04,-0.04,-0.12,4.09,-6.41,-15.56,-66.38,0.01,0.08,0.9
16.931,6,0.982,-0,0.1,0.16,32.65,11.57,1.82,0.4,0.09,0.6,3.96,109.56,-132.14,-188.9,0.43,-0.55,2.06
16.934,7,-0.883,-0.12,-0.1,-0.44,67.96,3.68,17.44,0.27,0.08,-0.01,4.09,88.2,111.54,-38.3,0.02,0.04,0.95
16.936,3,0.306,0.06,-0.11,-0.94,230.35,3.09,14.29,0.36,0.3,0.16,4.09,-12.21,23.35,42.42,-0.19,0.72,0.99
16.94,0,0.157,0.07,-0.02,-0.98,212.42,7.9,3.77,0.38,-0.03,-0.17,4.09,-1.07,20.75,12.51,-0.48,0.16,0.77
16.941,4,-0.886,0.26,-0.37,0.11,345.76,37.22,-41.88,-0.08,0.18,0.15,3.94,11.14,-20.14,18.16,-0.55,-0.69,0.59
16.945,2,-0.68,0.21,-0.24,0.66,284.67,3.04,-37.11,0.13,0.03,-0.08,4.09,-9.46,-13.58,15.56,-0.01,-0.46,0.81
16.946,5,0.661,0.08,0.46,0.59,111.77,31.2,49.09,0.12,-0.01,-0.03,4.01,-17.55,-11.75,11.75,-0.53,0.57,0.66
17.03,1,0.013,-0.04,-0.06,-1,195.24,-5.06,6.66,-0.09,-0.08,-0.04,4.09,-8.39,-12.97,-44.56,0.18,0.03,0.96
17.031,6,0.989,0.03,0.03,0.14,30.46,2.88,3.73,0.03,-0.01,-0.11,3.96,10.07,-81.33,8.09,-0.1,0.03,0.92
17.035,7,-0.871,-0.15,-0.2,-0.42,68.78,13.09,26.05,0.2,-0.3,-0.27,4.09,73.09,60.58,-54.78,0.19,0.3,0.65
17.037,3,0.293,0.08,-0.12,-0.95,229.15,5.02,15.47,0.19,-0.14,-0.08,4.09,10.38,12.97,-17.85,-0.31,0.24,0.84
17.041,0,0.174,0.09,-0.03,-0.98,214.58,9.94,4.79,0.31,-0.04,-0.08,4.09,11.6,2.9,-8.09,-0.45,0.13,0.84
17.042,4,-0.897,0.24,-0.36,0.09,349.25,36.89,-38.47,0,0.11,0.04,3.94,-0.92,-9.61,19.07,-0.57,-0.6,0.61
17.045,2,-0.69,0.22,-0.24,0.65,286.79,2.95,-38.06,0.03,0.06,-0.08,4.09,-14.19,-15.56,7.78,0.02,-0.58,0.73
17.047,5,0.654,0.08,0.46,0.6,112.83,30.17,48.51,0.11,0.06,-0.15,4.01,-4.88,12.21,18.62,-0.59,0.52,0.55
17.129,1,-0.015,-0.05,-0.05,-1,192.01,-5.2,5.87,-0.21,-0.14,-0.1,4.09,-20.14,12.21,-41.81,0.32,-0.04,0.86
17.13,6,0.991,0.05,-0.03,0.12,27.7,-4.15,5.56,0.01,0.14,-0.06,3.96,24.41,-69.12,-30.36,0.02,-0.04,0.98
17.134,7,-0.887,-0.17,-0.24,-0.36,62.7,17.47,29.61,-0.06,-0.05,-0.39,4.09,41.05,-45.78,-47.76,-0.33,0.44,0.54
17.136,3,0.29,0.08,-0.12,-0.95,228.92,5.39,15.56,0.24,0.05,-0.04,4.09,-0.92,-2.14,-6.26,-0.21,0.44,0.88
17.14,0,0.176,0.1,-0.03,-0.98,214.92,10.57,5.78,0.27,-0.06,-0.08,4.09,11.44,-11.14,-13.12,-0.43,0.15,0.85
17.142,4,-0.898,0.24,-0.36,0.07,351.17,38,-37.56,-0.01,-0,0.12,3.94,-14.19,6.71,17.24,-0.64,-0.52,0.68
17.146,2,-0.685,0.24,-0.24,0.65,287.02,1.22,-39.42,0.01,0.03,0.06,4.09,-14.5,-11.6,-14.04,0.03,-0.7,0.83
17.147,5,0.641,0.08,0.46,0.61,115.13,29.86,49.81,0.13,0.16,0.07,4.01,7.93,10.07,23.35,-0.67,0.62,0.61
17.227,1,-0.04,-0.05,-0.03,-1,189.25,-5.07,4.01,-0.22,-0.39,0.17,4.09,-29.14,-7.17,-13.73,0.28,-0.36,1.19
17.229,6,0.989,0.09,-0.08,0.09,23.16,-10.37,9.08,0.01,0.02,0.01,3.96,28.84,-61.65,-43.95,0.18,0.13,0.96
17.232,7,-0.89,-0.2,-0.22,-0.34,60.67,15.01,31.96,0.34,-0.23,-0.37,4.09,7.78,-25.18,27.62,0.3,0.32,0.67
17.234,3,0.281,0.09,-0.12,-0.95,227.97,6.03,16.29,0.09,0.05,-0.06,4.09,8.24,3.05,2.9,-0.18,0.35,0.87
17.238,0,0.192,0.08,-0.04,-0.98,216.78,8.54,5.85,0.21,-0.07,0.08,4.09,-7.78,-29.3,4.27,-0.48,0.15,1.07
17.24,4,-0.893,0.25,-0.37,0.07,351.09,39.15,-39.06,0.06,0.02,-0.01,3.94,-19.38,10.22,4.73,-0.6,-0.46,0.59
17.243,2,-0.687,0.25,-0.24,0.64,287.97,0.74,-40.79,-0.02,0.17,0.1,4.09,-11.9,-6.26,0.61,0.14,-0.74,0.81
17.245,5,0.629,0.08,0.47,0.61,116.83,29.04,51.18,0.15,-0.07,0.16,4.01,-0.61,1.37,6.41,-0.44,0.48,0.6
17.326,1,-0.015,-0.05,-0.03,-1,192.12,-5.9,4.06,0.26,-0.2,0.02,4.09,52.34,-8.24,99.79,-0.15,-0.14,1.06
17.328,6,0.982,0.12,-0.14,0.03,15.07,-16.61,13.62,-0.2,0.29,-0.07,3.96,31.59,-72.78,-51.27,0.07,-0.06,0.98
17.331,7,-0.877,-0.21,-0.19,-0.39,64.55,10.04,31.45,0.94,-0.18,-1.17,4.09,-80.57,70.5,69.58,0.63,-0.27,0.03
17.333,3,0.298,0.1,-0.13,-0.94,230.16,6.17,17.29,0.11,-0.07,-0.01,4.09,2.29,12.66,48.22,-0.29,0.27,0.92
17.336,0,0.22,0.06,-0.03,-0.97,219.75,6.29,4.66,0.47,-0.08,-0,4.09,-7.48,2.14,18.01,-0.57,0.22,0.92
17.338,4,-0.885,0.26,-0.38,0.06,350.3,39.59,-41.65,-0.1,-0,-0.02,3.94,-19.84,2.29,6.56,-0.63,-0.44,0.43
17.342,2,-0.682,0.25,-0.24,0.64,287.39,-0.12,-40.78,0.05,-0.1,0.1,4.09,7.48,-10.83,3.66,-0.09,-0.66,0.85
17.343,5,0.625,0.09,0.47,0.62,117.27,27.82,51.52,0.07,-0.08,0.11,4.01,5.04,-7.32,12.36,-0.39,0.64,0.56
17.445,1,0.081,-0.05,-0.06,-0.99,203.04,-6.29,6.44,-0.07,-0.07,0.05,4.09,36.93,-8.39,131.23,0.15,0.03,1.02
17.447,6,0.97,0.15,-0.19,-0.02,8.4,-21.42,18.59,-0.9,0.19,0.04,3.96,26.25,-44.4,-38.15,-0.46,0.11,1.31
17.45,7,-0.855,-0.21,-0.12,-0.46,70.59,0.67,28.07,0.3,0.14,0.07,4.09,-54.32,-28.84,132.14,0.09,0.27,1.07
17.451,3,0.353,0.1,-0.13,-0.92,236.84,5.23,18.54,0.1,-0.08,0.08,4.09,-5.95,12.82,79.04,-0.23,0.35,1.02
17.456,0,0.257,0.06,-0.03,-0.96,224.19,6.05,4.61,0.32,-0.23,-0.05,4.09,-3.81,6.87,34.64,-0.5,0.05,0.89
17.457,4,-0.887,0.26,-0.38,0.05,351.81,39.9,-41.15,0.02,0.08,-0.02,3.94,0.46,-17.09,28.84,-0.67,-0.5,0.45
17.461,2,-0.715,0.25,-0.23,0.61,292.36,1.88,-39.9,0.17,0.15,-0.11,4.09,6.71,-17.85,24.87,0.15,-0.48,0.78
17.462,5,0.618,0.1,0.46,0.63,118.18,26.59,51.66,0,-0.06,-0.03,4.01,-21.82,-1.68,14.5,-0.59,0.64,0.6
17.528,1,0.161,-0.07,-0.08,-0.98,212.1,-9.21,7.83,0.16,-0.16,-0.06,4.09,29.75,-20.14,82.24,-0.07,0.01,0.96
17.529,6,0.972,0.17,-0.16,-0.04,6.45,-16.76,21.45,-0.3,0.81,0.05,3.96,-0.15,151.98,1.07,0.33,-0.53,1.23
17.533,7,-0.834,-0.19,-0.05,-0.52,76.25,-6.38,21.8,0.11,-0.16,-0.06,4.09,-65.16,-47.15,66.07,0.28,0.32,0.86
17.535,3,0.42,0.1,-0.11,-0.9,244.96,4.44,16.66,0.28,0.15,0.21,4.09,-29.3,12.51,42.88,-0.13,0.66,1.03
17.539,0,0.312,0.07,-0.01,-0.95,230.7,6.97,3.9,0.32,-0.21,-0.29,4.09,-12.66,11.14,65.16,-0.44,0.08,0.65
17.541,4,-0.895,0.25,-0.36,0.04,355.03,39.38,-38.46,0,-0.02,-0.03,3.94,8.85,-12.36,10.68,-0.59,-0.46,0.61
17.545,2,-0.731,0.26,-0.22,0.59,295.6,1.17,-39.58,0.16,0,-0.08,4.09,3.51,-14.34,73.24,0.02,-0.44,0.8
17.546,5,0.617,0.09,0.44,0.64,118.48,25.74,48.96,0.05,0.02,0.33,4.01,-24.41,0.92,3.05,-0.62,0.87,0.82
17.647,1,0.218,-0.08,-0.1,-0.97,218.53,-11.16,9.19,-0.04,-0.16,-0.13,4.09,29.14,-15.56,76.75,0.13,-0.01,0.87
17.648,6,0.988,0.14,-0.05,0.06,19.78,-6.49,15.29,0.36,0.04,0.3,3.96,-64.54,119.78,126.65,0.42,0.28,1.23
17.654,7,-0.802,-0.17,0.03,-0.57,83.25,-13.64,14.52,-0.09,-0.02,-0.1,4.09,-56.15,-42.11,120.39,0.21,0.36,0.84
17.656,3,0.416,0.1,-0.1,-0.9,244.5,5.82,15.31,0.24,-0.01,0.04,4.09,-22.74,8.09,-40.13,-0.31,0.45,0.93
17.661,0,0.376,0.06,0,-0.92,238.42,6.92,2.4,0.36,-0.08,-0.19,4.09,-21.06,5.95,35.86,-0.41,0.21,0.77
17.663,4,-0.901,0.24,-0.36,0.04,355.84,38.77,-36.73,-0.14,0.05,-0.03,3.94,19.68,-14.04,-8.85,-0.7,-0.5,0.5
17.668,2,-0.752,0.26,-0.22,0.57,299.27,2.31,-39.27,0.02,0.05,-0.06,4.09,-10.07,-12.51,-12.82,0,-0.63,0.73
17.669,5,0.632,0.06,0.43,0.64,116.58,27.49,45.61,0.18,0.08,0.06,4.01,-21.82,-9.77,-17.55,-0.61,0.57,0.76
17.745,1,0.266,-0.08,-0.11,-0.95,224.06,-12.67,10.21,-0.19,0.03,0.06,4.09,34.48,-2.14,59.2,0.39,0.1,0.99
17.747,6,0.983,0.07,0.04,0.17,33.56,3.19,8.93,0.16,-0.36,-0.17,3.96,-42.88,115.2,27.31,0.19,0.39,0.78
17.75,7,-0.757,-0.15,0.08,-0.63,92.29,-18.5,7.56,-0.19,0.13,0.13,4.09,-46.69,-23.35,72.17,0.19,0.33,1.11
17.752,3,0.354,0.11,-0.1,-0.92,237.01,7.39,15.17,0.17,-0.21,-0.17,4.09,50.66,-37.69,-94.45,-0.37,0.13,0.73
17.756,0,0.434,0.06,0.02,-0.9,245.7,7.42,0.68,0.26,-0.15,0.01,4.09,-15.56,-1.53,27.31,-0.41,0.11,0.99
17.757,4,-0.904,0.24,-0.35,0.04,356.52,38.24,-35.88,-0.01,-0.02,0.02,3.94,-15.41,5.95,-4.43,-0.64,-0.46,0.62
17.761,2,-0.761,0.26,-0.22,0.55,301.19,2.57,-39.79,0.02,0.03,0.01,4.09,-4.58,-12.51,-1.22,-0.01,-0.66,0.78
17.763,5,0.639,0.06,0.43,0.64,115.63,28.48,44.44,0.01,0.01,0.04,4.01,7.32,16.17,-24.26,-0.4,0.52,0.79
17.843,1,0.302,-0.08,-0.13,-0.94,228.23,-13.6,11.97,-0.14,0.05,0.06,4.09,28.08,-13.12,31.28,0.26,0.25,1.01
17.845,6,0.977,0.01,0.11,0.18,35.59,11.62,3.76,0.31,0,-0.34,3.96,-67.75,55.85,68.36,0.15,-0.06,0.7
17.848,7,-0.722,-0.13,0.13,-0.67,99.36,-20.94,0.7,-0.52,0.41,-0.02,4.09,-31.59,-8.7,43.49,-0.07,0.52,1.08
17.85,3,0.319,0.09,-0.13,-0.93,232.5,5.21,17.49,0.02,-0.11,-0.21,4.09,17.7,-8.54,26.86,-0.14,0.18,0.76
17.853,0,0.471,0.04,0.03,-0.88,250.31,5.76,-0.2,0.48,-0.03,0.28,4.09,-7.63,-19.07,-12.82,-0.41,0.39,1.24
17.855,4,-0.898,0.26,-0.36,0.03,356.21,38.78,-38.09,-0.03,-0.02,-0.17,3.94,-33.11,5.49,0.15,-0.57,-0.39,0.48
17.858,2,-0.76,0.27,-0.21,0.55,301.68,0.92,-39.83,-0.04,0.07,0.12,4.09,1.98,-14.04,-8.09,0.05,-0.74,0.84
17.86,5,0.631,0.05,0.44,0.63,117.16,29.56,46.47,0.05,0.03,0.1,4.01,19.68,27.92,10.22,-0.58,0.59,0.61
17.942,1,0.299,-0.09,-0.12,-0.94,227.96,-14.38,10.71,0.39,-0.11,0.06,4.09,-37.99,20.6,-63.93,-0.12,0.34,1.09
17.944,6,0.951,-0.02,0.12,0.29,47.69,14.01,1.86,0.04,-0.03,-0.2,3.96,-35.71,2.9,124.05,-0.17,0.03,0.79
17.947,7,-0.729,-0.09,0.09,-0.67,99.36,-15.18,0.61,-0.29,0.17,0.15,4.09,-1.22,150.15,1.68,0.21,0.35,1.16
17.949,3,0.355,0.09,-0.14,-0.92,236.86,3.89,18.38,0.01,-0.04,0.05,4.09,4.88,0.46,34.79,-0.14,0.32,1.04
17.952,0,0.472,0.04,0.02,-0.88,250.48,4.82,-0.06,0.41,-0.33,-0.02,4.09,-3.2,-0.31,-14.19,-0.58,0.18,0.95
17.954,4,-0.89,0.28,-0.36,0.02,356.62,39.27,-40.93,-0.03,-0.01,-0.09,3.94,-27.47,-13.73,-1.07,-0.67,-0.48,0.47
17.958,2,-0.761,0.27,-0.19,0.56,301.87,-0.4,-39.08,0.11,0.11,0.1,4.09,7.32,-11.6,12.97,0.15,-0.64,0.9
17.96,5,0.611,0.05,0.46,0.64,120.74,30.35,49.12,0,0.02,0.08,4.01,-5.65,30.06,16.02,-0.61,0.8,0.65
18.041,1,0.246,-0.07,-0.1,-0.96,221.93,-10.75,9.11,0.07,-0.15,-0.01,4.09,-30.36,21.67,-103,0.04,0.06,1.01
18.043,6,0.934,-0.04,0.1,0.34,53.95,12.11,-0.86,-0.22,0.12,0.05,3.96,-39.98,-10.83,47.15,-0.53,0.03,0.97
18.046,7,-0.759,-0.07,-0,-0.65,94.69,-5.02,6.21,0.02,-0.1,0.15,4.09,91.86,70.04,-117.8,0.27,0.18,1.15
18.047,3,0.394,0.09,-0.14,-0.9,241.62,2.93,18.4,-0,0.18,0.1,4.09,17.09,12.05,67.9,0.09,0.45,1.02
18.051,0,0.481,0.04,0.03,-0.88,251.6,5.97,-0.34,0.37,-0.24,-0.14,4.09,0.61,14.5,-1.22,-0.48,0.17,0.82
18.053,4,-0.889,0.3,-0.34,0.01,357.76,37.2,-43.19,0.01,0.05,0.02,3.94,-27.62,-29.3,-15.26,-0.59,-0.77,0.63
18.057,2,-0.783,0.27,-0.19,0.53,305.59,0.98,-38.33,0.14,0.06,-0.06,4.09,5.65,-19.68,35.86,0.09,-0.5,0.8
18.06,5,0.601,0.03,0.46,0.65,122.89,31.3,47.66,0.06,0.01,-0.09,4.01,-55.08,7.78,-7.17,-0.61,0.48,0.52
18.14,1,0.19,-0.06,-0.09,-0.98,215.37,-8.86,8.64,-0.01,-0.08,-0.07,4.09,-21.82,-2.29,-84.38,0.12,0.03,0.88
18.141,6,0.935,-0.06,0.09,0.34,53.33,12.35,-2.51,0.07,-1.05,-0.91,3.96,46.23,-127.56,-130.77,0.3,0.16,0.62
18.145,7,-0.809,-0.1,-0.11,-0.57,84.98,4.39,16.63,0.4,-0.25,-0.02,4.09,98.11,85.14,-95.83,0.3,0.01,0.99
18.146,3,0.461,0.09,-0.13,-0.87,249.97,1.89,18.27,0.41,0.05,0.18,4.09,-18.16,31.28,54.32,-0.23,0.71,0.94
18.15,0,0.497,0.07,0.04,-0.86,253.9,8.89,0.03,0.33,-0.21,-0.15,4.09,3.2,13.28,4.27,-0.47,0.2,0.78
18.151,4,-0.896,0.31,-0.32,-0.01,1.29,35.14,-42.27,0.02,-0,-0.06,3.94,2.59,-29.3,21.82,-0.56,-0.61,0.67
18.155,2,-0.797,0.27,-0.18,0.51,308.71,0.96,-38.12,0.14,0.01,-0.06,4.09,2.14,-19.84,32.65,0.05,-0.48,0.81
18.157,5,0.614,-0.01,0.43,0.66,121.06,33.07,41.36,0.12,-0.02,0.12,4.01,-36.47,-1.22,-32.5,-0.55,0.47,0.72
18.238,1,0.142,-0.07,-0.08,-0.98,209.84,-8.82,7.76,-0.06,-0.11,-0.09,4.09,-16.33,-4.58,-46.08,0.19,-0.01,0.89
18.24,6,0.958,-0.02,0.02,0.28,47.09,2.94,-1.07,0.09,-0.1,-0.07,3.96,11.9,-66.22,7.63,0.09,-0.03,0.88
18.244,7,-0.819,-0.12,-0.22,-0.52,81.65,13.4,25.7,0.28,-0.28,-0.19,4.09,86.36,54.47,-54.63,0.17,0.22,0.79
18.245,3,0.452,0.1,-0.14,-0.88,249.23,3.41,19.5,0.12,-0.25,0.02,4.09,-3.05,13.73,-15.11,-0.32,0.31,0.93
18.249,0,0.513,0.09,0.04,-0.85,256.28,11.26,1.19,0.27,-0.19,-0.13,4.09,10.07,2.44,0.61,-0.46,0.17,0.8
18.25,4,-0.902,0.3,-0.31,-0.03,4.72,34.78,-39.89,0.04,-0.02,-0.04,3.94,4.12,-17.09,18.16,-0.49,-0.47,0.63
18.254,2,-0.808,0.28,-0.18,0.49,311.38,1.06,-38.33,0.14,-0.05,-0.08,4.09,-4.58,-13.89,6.1,0.01,-0.47,0.82
18.256,5,0.614,-0.04,0.42,0.67,121.15,34.34,38.14,0.13,0.08,0.08,4.01,-21.67,12.21,-3.66,-0.74,0.44,0.74
18.335,1,0.117,-0.07,-0.07,-0.99,206.98,-9.3,6.89,-0.11,-0.21,0.01,4.09,-19.84,6.71,-21.06,0.23,-0.13,1
18.337,6,0.965,0.02,-0.04,0.26,43.84,-4.8,1.09,0.04,-0.01,0.01,3.96,28.69,-72.48,-59.81,0.1,-0.03,0.99
18.342,7,-0.839,-0.14,-0.26,-0.46,76.06,18.51,29.8,0.25,-0.12,-0.58,4.09,30.06,-45.78,-53.41,-0.01,0.16,0.56
18.343,3,0.455,0.11,-0.12,-0.88,249.69,4.13,18.3,0.23,-0.01,-0.01,4.09,-7.17,5.04,1.07,-0.2,0.51,0.87
18.347,0,0.53,0.1,0.04,-0.84,258.74,12.31,2.42,0.21,-0.12,-0.06,4.09,2.59,-11.14,4.27,-0.39,0.18,0.86
18.349,4,-0.904,0.3,-0.3,-0.04,6.93,35.2,-38.64,-0.02,-0.03,0.06,3.94,-8.39,-1.68,18.62,-0.65,-0.54,0.69
18.353,2,-0.804,0.29,-0.16,0.49,311.4,-1.36,-38.73,-0.1,0.1,0.14,4.09,-3.97,-9.61,13.73,0.09,-0.82,0.79
18.354,5,0.626,-0.06,0.41,0.66,119.17,36.28,35.54,0.13,0.03,0.16,4.01,-5.34,-2.14,-48.22,-0.64,0.39,0.72
18.453,1,0.109,-0.07,-0.05,-0.99,206.27,-9.06,4.62,-0.26,-0.04,0.02,4.09,-14.95,-5.8,-4.12,0.37,-0.05,1.01
18.455,6,0.967,0.06,-0.09,0.23,40.3,-11.38,4.43,-0.12,0.17,0.02,3.96,36.16,-67.75,-27.77,0.01,-0.03,1.04
18.459,7,-0.864,-0.16,-0.24,-0.41,69.33,16.37,30.1,0.09,0.3,-0.14,4.09,-2.75,-17.24,-3.66,-0.4,0.15,0.77
18.461,3,0.449,0.11,-0.13,-0.88,249.05,4.74,19.43,0.1,-0.07,-0.06,4.09,12.66,-0.46,-3.81,-0.2,0.35,0.83
18.465,0,0.554,0.09,0.04,-0.83,261.93,11.27,2.7,0.21,-0.04,0,4.09,-18.31,-25.94,26.86,-0.32,0.22,0.97
18.466,4,-0.897,0.31,-0.31,-0.05,7.18,36.09,-40.44,0.04,0.08,0.13,3.94,-21.06,10.38,4.43,-0.54,-0.58,0.61
18.47,2,-0.811,0.29,-0.16,0.48,313.45,-1.33,-39.16,0.14,0.1,-0.02,4.09,0.92,-13.12,-8.85,0.16,-0.58,0.85
18.472,5,0.661,-0.08,0.41,0.63,112.49,40.03,31.14,0.05,0.05,-0.02,4.01,2.44,10.07,-71.41,-0.7,0.33,0.68
18.552,1,0.116,-0.07,-0.05,-0.99,207.04,-9.22,5.09,0.2,-0.23,0.36,4.09,32.35,22.28,35.4,0.02,-0.01,1.13
18.554,6,0.966,0.1,-0.14,0.19,35.03,-17.82,8.78,-0.03,0.33,-0.04,3.96,40.13,-71.72,-31.43,0.16,-0.15,1.01
18.559,7,-0.839,-0.15,-0.24,-0.46,76.04,15.31,29.38,1.11,-0.7,-1.73,4.09,-88.2,130.77,146.94,1.28,-0.46,-0.34
18.56,3,0.458,0.12,-0.14,-0.87,250.38,4.35,20.88,0.15,-0.02,0.01,4.09,19.84,-11.14,17.24,-0.19,0.46,0.91
18.564,0,0.588,0.08,0.05,-0.8,266.48,10.35,0.92,0.37,-0.21,-0.03,4.09,-25.33,3.66,29.14,-0.48,0.31,0.88
18.565,4,-0.892,0.32,-0.31,-0.05,6.52,36.31,-42.23,-0.05,0.07,0.15,3.94,-15.41,7.48,-20.6,-0.59,-0.66,0.59
18.569,2,-0.814,0.29,-0.15,0.48,313.4,-1.43,-38.15,0.03,0.04,0.14,4.09,10.38,5.19,73.39,0.09,-0.53,0.84
18.571,5,0.659,-0.09,0.41,0.62,112.76,40.96,31.6,0.02,0.18,0.15,4.01,18.77,23.8,52.95,-0.86,0.46,0.57
18.658,1,0.177,-0.06,-0.07,-0.98,214.1,-7.74,6.66,-0.04,-0.31,0.08,4.09,20.45,39.22,102.69,0.12,-0.14,1.07
18.66,6,0.956,0.14,-0.18,0.19,33.67,-23.18,12.46,-0.46,0.11,-0.04,3.96,34.33,-57.98,-11.9,-0.07,0.28,1.02
18.664,7,-0.815,-0.18,-0.16,-0.53,81.1,4.29,27.2,0.26,-0.08,-0.19,4.09,-28.69,-63.32,68.21,0.07,0.18,0.89
18.665,3,0.494,0.12,-0.15,-0.85,255.07,2.93,22.38,0.09,0.09,-0.15,4.09,1.53,-9.92,60.58,-0.01,0.43,0.75
18.669,0,0.609,0.08,0.06,-0.79,269.46,11.43,-0.07,0.33,-0.21,-0.1,4.09,-11.75,19.53,7.93,-0.45,0.25,0.82
18.672,4,-0.887,0.34,-0.31,-0.03,2.95,34.98,-45.25,-0.02,0.08,0,3.94,-2.59,-2.9,-17.55,-0.67,-0.69,0.52
18.677,2,-0.831,0.28,-0.16,0.46,316.19,0.54,-36.98,0.08,0.03,0.05,4.09,0.92,-7.93,-14.34,0.05,-0.6,0.86
18.679,6,0.954,0.16,-0.19,0.16,29.71,-24.74,15.88,-0.55,0.27,0.08,3.96,-10.07,42.11,-6.56,-0.16,0.44,1.09
18.745,1,0.247,-0.05,-0.07,-0.96,222.33,-7.95,6.38,0.09,-0.09,-0.05,4.09,4.73,-7.02,81.94,0.01,0.07,0.94
18.746,5,0.618,-0.08,0.44,0.64,121.09,40.66,38.23,0.07,-0.21,0.04,4.01,5.49,37.69,77.51,-0.51,0.65,0.77
18.75,7,-0.785,-0.19,-0.09,-0.58,86.23,-4.69,23.58,-0.24,-0.11,-0.04,4.09,-42.88,-61.34,30.98,0.16,0.56,0.77
18.752,3,0.542,0.11,-0.15,-0.82,261.15,0.65,21.14,0.19,-0.07,0.31,4.09,-33.42,20.45,55.69,-0.15,0.62,1.13
18.757,0,0.618,0.09,0.08,-0.78,270.98,13.74,-0.48,0.19,-0.28,-0.15,4.09,-7.32,12.51,-3.66,-0.52,0.1,0.75
18.758,4,-0.893,0.34,-0.29,-0.03,3.43,32.91,-44.85,0.06,0.08,0.01,3.94,4.43,-15.11,19.23,-0.5,-0.57,0.63
18.763,2,-0.841,0.27,-0.16,0.44,318.44,1.97,-37.16,0.19,-0.09,-0.15,4.09,-9.16,-5.34,23.65,-0.02,-0.34,0.8
18.765,5,0.576,-0.07,0.46,0.67,128.86,38.91,43.24,-0.25,0.19,0.1,4.01,7.93,20.75,27.92,-0.69,0.61,0.37
18.843,1,0.289,-0.07,-0.07,-0.95,227.35,-9.92,6.01,-0.03,-0.23,-0.1,4.09,6.26,-25.48,50.05,0.06,-0.13,0.92
18.844,6,0.964,0.16,-0.13,0.16,30.87,-17.73,16.52,0.04,0.43,0.22,3.96,-17.24,116.12,77.36,0.27,0.08,1.2
18.85,7,-0.783,-0.19,-0.03,-0.59,86.33,-10.44,19.94,-0.04,0.05,-0.06,4.09,-30.82,-37.08,38.91,0.14,0.39,0.9
18.852,3,0.554,0.1,-0.14,-0.81,262.65,0.97,19.49,0.04,0.23,-0.09,4.09,0.92,-30.06,-34.33,0.23,0.44,0.81
18.856,0,0.629,0.1,0.09,-0.77,272.66,15.54,-1.14,0.13,-0.24,-0.06,4.09,-14.19,5.65,4.43,-0.49,0.08,0.84
18.858,4,-0.898,0.33,-0.29,-0.04,5.86,33.12,-42.71,0.06,-0.02,-0.01,3.94,3.81,-13.89,39.06,-0.48,-0.53,0.64
18.862,2,-0.846,0.28,-0.16,0.43,319.85,2.25,-37.47,0.01,-0.05,-0,4.09,-9.77,-2.29,13.28,-0.06,-0.58,0.81
18.864,5,0.549,-0.07,0.46,0.7,133.02,36.77,44.59,0.12,-0.4,-0.15,4.01,-28.08,-21.36,-13.43,-0.23,0.4,0.84
18.942,1,0.323,-0.08,-0.08,-0.94,231.36,-12.21,5.75,-0.04,-0.19,0.04,4.09,14.34,-12.05,43.79,0.15,-0.08,1.03
18.944,6,0.963,0.12,-0.04,0.24,41.1,-7.62,12.47,0.04,-0.09,0.1,3.96,-23.35,127.26,39.52,0.23,0.26,1.03
18.949,7,-0.752,-0.19,0.02,-0.63,91.96,-15.46,15.35,-0,-0.05,0.01,4.09,-34.64,-24.72,69.58,0.32,0.26,0.93
18.95,3,0.525,0.1,-0.14,-0.83,258.62,0.72,20.1,0.34,-0.31,-0,4.09,21.06,0.46,-29.75,-0.46,0.42,0.92
18.955,0,0.645,0.11,0.11,-0.75,275.23,17.49,-1.81,0.07,-0.15,-0.03,4.09,-18.01,1.68,22.43,-0.45,0.02,0.88
18.957,5,0.569,-0.08,0.44,0.69,129.52,37.96,40.92,0.15,-0.05,0.02,4.01,-3.81,14.34,-34.64,-0.62,0.33,0.66
18.961,2,-0.851,0.29,-0.16,0.41,321.85,2.6,-38.44,0,0.02,0,4.09,-7.32,-10.83,28.84,0,-0.62,0.8
18.962,4,-0.899,0.32,-0.29,-0.07,9.55,34.48,-40.65,0,-0.06,0.05,3.94,-10.83,3.51,19.68,-0.61,-0.55,0.67
19.06,1,0.358,-0.09,-0.09,-0.92,235.68,-13.22,6.17,-0.23,-0.11,0.01,4.09,28.69,-8.24,59.81,0.32,-0.13,1
19.062,6,0.964,0.07,0.04,0.25,43.58,2.49,8.84,0.2,0.03,-0.04,3.96,-56.46,108.03,2.29,0.11,0.02,0.95
19.068,7,-0.716,-0.18,0.07,-0.67,98.51,-20.19,10.24,-0.07,0.2,0.09,4.09,-29.14,-40.74,85.3,0.16,0.27,1.07
19.07,3,0.515,0.11,-0.14,-0.84,257.57,2.02,20.4,0.06,-0.22,-0.08,4.09,-17.4,3.2,17.4,-0.25,0.29,0.88
19.076,0,0.673,0.1,0.12,-0.72,279.64,18.1,-2.4,0.07,-0.09,0.02,4.09,-24.57,-17.85,46.23,-0.4,0.03,0.95
19.078,5,0.561,-0.1,0.46,0.68,131.44,40.16,42.43,0.11,-0,-0.09,4.01,2.59,22.89,-0.15,-0.71,0.31,0.54
19.082,2,-0.857,0.29,-0.15,0.39,323.98,1.92,-38.64,-0.02,0.13,0.13,4.09,-4.27,-32.04,13.12,0.13,-0.76,0.82
19.083,4,-0.893,0.33,-0.29,-0.09,11.24,35.5,-41.46,0.01,0.09,0.09,3.94,-19.53,-3.66,22.43,-0.65,-0.57,0.61
19.173,1,0.41,-0.09,-0.11,-0.9,242.08,-14.76,7.57,-0.07,0.03,0.34,4.09,33.26,-12.21,69.89,0.4,0.12,1.28
19.175,6,0.956,0.01,0.09,0.28,47.1,9.71,4.13,0.2,-0.08,-0.23,3.96,-49.59,50.05,66.68,0.08,0.03,0.79
19.179,7,-0.661,-0.17,0.11,-0.72,108.26,-23,4.64,-0.44,0.61,0.17,4.09,5.65,33.26,75.68,-0.17,0.54,1.23
19.18,3,0.528,0.11,-0.14,-0.83,259.26,1.9,20.06,0.07,-0.04,0.01,4.09,10.22,8.24,8.39,-0.1,0.38,0.92
19.184,0,0.71,0.08,0.12,-0.69,285.26,16.03,-2.63,0.19,0.02,0.15,4.09,-22.43,-16.94,56,-0.32,0.13,1.11
19.185,4,-0.886,0.35,-0.29,-0.1,12.8,36.04,-43.09,0.05,-0.01,-0.08,3.94,-18.62,-11.6,24.72,-0.64,-0.35,0.6
19.19,2,-0.866,0.31,-0.13,0.37,327.84,-0.68,-39,0.07,0.05,0.16,4.09,8.39,-36.62,27.31,0.11,-0.71,0.91
19.192,5,0.55,-0.11,0.47,0.68,133.84,41.8,43.99,0.03,-0.06,0.22,4.01,-2.29,29.14,-5.49,-0.67,0.44,0.54
19.251,1,0.425,-0.08,-0.11,-0.89,244.05,-14,6.94,0.58,-0.19,0,4.09,-42.27,64.24,-36.77,-0.19,0.47,1.01
19.253,6,0.933,-0.02,0.09,0.35,54.93,11.01,1.31,0.01,0.34,-0.05,3.96,-48.98,-18.46,70.34,-0.44,-0.22,0.94
19.26,7,-0.633,-0.1,0.04,-0.77,114.51,-12.28,3.76,-0.67,-0.2,0.15,4.09,48.37,123.75,26.09,0.47,0.72,1.08
19.261,3,0.554,0.11,-0.15,-0.81,262.7,0.64,20.77,-0.01,-0.08,-0.02,4.09,0.61,-12.21,73.85,-0.09,0.33,0.91
19.265,0,0.746,0.07,0.11,-0.65,291.29,14.59,-2.7,0.32,-0.25,-0.02,4.09,-21.51,1.68,43.18,-0.46,0.33,0.91
19.266,4,-0.884,0.36,-0.28,-0.1,12.79,35.08,-44.49,0.13,0.23,0.15,3.94,10.07,-19.23,13.43,-0.59,-0.54,0.52
19.271,2,-0.882,0.31,-0.1,0.34,332.42,-1.45,-37.98,0.14,-0.11,-0.13,4.09,17.4,-17.55,54.78,0.02,-0.37,0.81
19.275,5,0.531,-0.13,0.48,0.69,137.7,43.22,45.69,0.03,-0.03,0.06,4.01,-29.6,31.28,13.89,-0.7,0.39,0.52
19.349,1,0.391,-0.07,-0.08,-0.91,239.86,-11.35,5.75,0.14,-0.15,-0.06,4.09,-14.8,0.31,-60.42,-0.02,0.08,0.97
19.351,6,0.918,-0.05,0.07,0.39,59.37,10.18,-2.38,0.27,0.17,0.07,3.96,-55.69,-34.03,31.43,-0.28,-0.64,1.39
19.357,7,-0.658,-0.08,-0.06,-0.75,111.08,-1.96,11.49,0.13,-0.25,0.09,4.09,103.61,74.92,-88.5,0.2,0.13,1.14
19.359,3,0.589,0.09,-0.16,-0.79,267.15,-2.65,20.29,-0.06,0.03,0.12,4.09,-7.63,-32.96,39.37,0.11,0.34,1.09
19.363,0,0.763,0.07,0.12,-0.63,294.55,16.05,-2.24,0.18,-0.25,-0.1,4.09,-6.71,15.41,16.02,-0.45,0.18,0.81
19.365,4,-0.892,0.35,-0.26,-0.11,14.55,33.15,-42.65,-0.05,0,0.01,3.94,11.9,-33.42,1.68,-0.56,-0.55,0.6
19.37,2,-0.898,0.3,-0.11,0.31,336.1,0.93,-36.69,0.15,-0.05,-0.11,4.09,4.58,-5.34,15.72,0.09,-0.45,0.82
19.372,5,0.492,-0.15,0.46,0.72,143.46,42.51,44.29,0.08,-0.01,0.05,4.01,-61.95,4.88,34.64,-0.74,0.44,0.51
19.448,1,0.363,-0.07,-0.08,-0.93,236.32,-11.27,5.35,0.08,-0.21,-0.08,4.09,-6.26,-12.21,-28.23,0.03,-0.01,0.98
19.45,6,0.883,-0.05,0.04,0.47,69.43,6.12,-2.75,-0.61,-0.51,0.31,3.96,3.66,-96.28,-30.36,0.13,0.25,1.29
19.453,7,-0.68,-0.08,-0.19,-0.7,107.68,8.32,21.88,0.37,-0.25,-0.09,4.09,92.77,102.23,2.14,0.08,0.05,1.02
19.455,3,0.624,0.05,-0.16,-0.76,271.44,-6.71,18.01,0.37,0.06,-0,4.09,-16.17,-24.26,47.61,0.08,0.67,0.81
19.459,0,0.772,0.08,0.12,-0.62,296.53,16.8,-1.36,0.15,-0.19,-0.08,4.09,-3.2,8.39,12.51,-0.41,0.16,0.85
19.461,4,-0.899,0.34,-0.24,-0.13,18.51,31.8,-40.09,0.07,-0.03,-0.02,3.94,-12.36,-19.99,6.1,-0.47,-0.55,0.67
19.464,2,-0.904,0.3,-0.11,0.29,338.27,1.34,-36.94,0.16,-0.11,-0.11,4.09,-4.43,-8.09,19.23,0.02,-0.41,0.78
19.466,5,0.473,-0.17,0.43,0.75,145.44,41.14,40.77,0.15,-0.03,0.05,4.01,-28.69,-2.9,7.93,-0.75,0.4,0.67
19.547,1,0.352,-0.09,-0.08,-0.93,234.99,-12.41,5.22,0.09,-0.1,0.05,4.09,-10.68,-14.34,-20.6,0.08,0.08,1.09
19.549,6,0.886,0,-0.03,0.46,69.34,-3.2,-1.43,0.15,0.08,-0.02,3.96,8.09,-95.06,20.6,-0.04,-0.08,1.09
19.552,7,-0.679,-0.06,-0.29,-0.67,108.29,18.16,30.05,0.12,-0.4,-0.39,4.09,51.73,48.83,-76.6,0.2,0.21,0.62
19.554,3,0.622,0.06,-0.18,-0.76,271.29,-7.62,19.82,0.12,-0.1,-0.06,4.09,22.43,4.73,-22.74,-0,0.38,0.88
19.558,0,0.777,0.1,0.12,-0.61,297.8,18,0.24,0.07,-0.15,-0.01,4.09,-0.46,5.95,3.05,-0.42,0.11,0.9
19.559,4,-0.896,0.35,-0.24,-0.14,20.48,31.44,-40.55,-0.02,0.02,-0.04,3.94,-8.85,-10.53,14.8,-0.59,-0.64,0.65
19.563,2,-0.906,0.3,-0.11,0.27,339.82,1.66,-37.69,0.06,0.02,0.05,4.09,-14.34,-0.46,8.24,0.08,-0.64,0.83
19.564,5,0.461,-0.17,0.42,0.76,146.79,40.5,39.53,-0.03,-0.08,0,4.01,-18.16,2.14,2.29,-0.54,0.39,0.58
19.648,1,0.337,-0.08,-0.07,-0.94,233.22,-11.72,4.28,-0.1,-0.11,0.03,4.09,-21.21,17.4,-22.28,0.27,-0.01,0.98
19.65,6,0.883,0.05,-0.08,0.46,69.02,-10.97,1.06,0.15,0.15,-0.05,3.96,32.2,-72.63,7.78,0.16,-0.18,0.95
19.655,7,-0.725,-0.07,-0.31,-0.61,100.41,21.53,30.8,0.1,0.01,-0.11,4.09,23.04,-50.2,-80.57,-0.35,0.32,0.78
19.657,3,0.621,0.06,-0.19,-0.76,271.13,-8,21.73,0.03,-0.08,-0.06,4.09,4.27,-8.54,14.8,0.04,0.37,0.86
19.661,0,0.781,0.11,0.12,-0.6,298.91,19.07,1.21,0.06,-0.07,0.06,4.09,-5.19,9.31,7.17,-0.4,0.09,0.98
19.663,5,0.449,-0.18,0.42,0.77,148.41,40.26,39.14,0.09,0.01,0.05,4.01,4.58,13.73,14.95,-0.75,0.49,0.66
19.667,2,-0.905,0.32,-0.11,0.26,341.35,1.4,-39.3,0.05,0.1,-0.04,4.09,-9.16,-9,17.7,0.07,-0.66,0.81
19.668,4,-0.89,0.35,-0.23,-0.17,23.31,32.32,-40.62,-0.08,-0.12,-0.03,3.94,-24.72,-1.53,10.53,-0.48,-0.38,0.62
19.766,1,0.332,-0.08,-0.06,-0.94,232.71,-11.27,3.85,-0.03,-0.28,0.09,4.09,-5.34,4.88,6.87,0.05,-0.21,1.14
19.768,6,0.877,0.11,-0.13,0.45,67.74,-18.97,4.44,-0.21,-0.01,0.07,3.96,29.14,-104.83,-40.74,0.2,0.22,1.05
19.774,7,-0.759,-0.07,-0.28,-0.58,94.04,20.22,27.85,-0.06,1,1.01,4.09,-12.66,-61.04,81.18,-1.61,0.9,1.7
19.776,3,0.624,0.07,-0.2,-0.75,271.84,-7.79,22.87,0.11,-0.03,-0.06,4.09,12.51,11.6,-8.24,0.08,0.46,0.82
19.78,0,0.788,0.11,0.13,-0.59,300.46,19.23,1.63,0.03,0.02,0.36,4.09,-16.02,-1.98,27.77,-0.49,0.04,1.31
19.782,4,-0.879,0.37,-0.23,-0.18,24.4,33.26,-42.89,0.09,0,0,3.94,-21.06,0.15,14.8,-0.48,-0.45,0.55
19.786,2,-0.907,0.32,-0.1,0.25,342.69,1.27,-39.71,0.23,0.02,0.09,4.09,15.56,-0.46,-16.33,0.18,-0.66,0.91
19.788,5,0.439,-0.18,0.43,0.77,150.64,41.11,41.14,0.09,-0.01,0.02,4.01,10.53,13.73,8.7,-0.74,0.44,0.61
19.865,1,0.353,-0.07,-0.07,-0.93,235.2,-10.77,4.41,0.12,-0.29,-0.09,4.09,14.95,13.12,48.98,-0.13,-0.09,0.99
19.866,6,0.87,0.16,-0.18,0.43,64.85,-26.5,8.37,0.02,0.42,-0.01,3.96,25.33,-50.81,19.99,0.17,-0.16,1.07
19.871,7,-0.699,-0.07,-0.26,-0.66,104.71,15.56,27.48,-0.07,-0.64,0.35,4.09,-55.69,-38.45,140.69,0.38,0.69,1.31
19.872,3,0.643,0.08,-0.2,-0.73,274.77,-8.34,23.66,0.01,-0.09,-0.1,4.09,-0.31,11.75,85.14,0.04,0.37,0.83
19.877,0,0.803,0.11,0.13,-0.57,303.53,19.75,1.77,0.06,-0.17,0.04,4.09,-10.22,7.17,12.21,-0.49,0.12,0.96
19.878,4,-0.87,0.39,-0.23,-0.19,24.54,33.85,-45,-0.01,0.12,0.07,3.94,-9.92,0.61,5.49,-0.51,-0.54,0.51
19.882,2,-0.911,0.31,-0.1,0.25,343.23,1.02,-38.4,-0.07,-0.07,-0.13,4.09,21.21,4.27,35.25,-0.15,-0.53,0.71
19.884,5,0.424,-0.19,0.45,0.76,153.82,41.57,44.91,-0.04,-0.08,0.04,4.01,19.53,29.75,12.05,-0.76,0.5,0.63
19.963,1,0.408,-0.05,-0.07,-0.91,241.97,-9.06,4.86,0.03,-0.11,-0.04,4.09,16.17,15.11,87.28,0.04,0.04,0.96
19.965,6,0.858,0.18,-0.2,0.44,65.37,-30.05,9.57,-0.17,0.29,0.01,3.96,22.74,-31.59,-13.58,0.22,0.1,1.05
19.968,7,-0.652,-0.1,-0.2,-0.73,111.69,6.75,24.51,-0.14,-0.09,0,4.09,-42.57,-60.88,60.88,0.02,0.53,0.83
19.97,3,0.682,0.08,-0.19,-0.7,280.63,-8.91,22.16,0.04,0.03,0.13,4.09,-18.62,8.39,40.44,0.23,0.46,1.03
19.974,0,0.806,0.12,0.14,-0.56,304.81,21.5,2.23,0.02,-0.21,-0.06,4.09,-3.2,14.65,3.05,-0.51,0.12,0.8
19.975,4,-0.87,0.39,-0.23,-0.19,24.01,33.57,-45.52,-0.08,0.01,-0.02,3.94,19.23,-12.05,-14.19,-0.66,-0.66,0.64
19.979,2,-0.918,0.3,-0.11,0.23,344.55,3.17,-37.27,0.06,0.04,-0.07,4.09,2.29,0.15,4.27,0.01,-0.58,0.73
19.98,5,0.4,-0.19,0.47,0.77,158.43,41.44,48.83,0.1,-0.08,0.13,4.01,-6.1,7.32,13.28,-0.74,0.45,0.56
20.062,1,0.459,-0.06,-0.08,-0.88,248.51,-9.96,4.58,0,-0.16,-0.13,4.09,1.68,-21.36,59.66,0.02,-0.06,0.87
20.063,6,0.859,0.2,-0.2,0.43,64.09,-30.51,11.12,-0.22,0.53,-0.17,3.96,5.65,55.54,-16.94,-0.03,0.08,0.98
20.067,7,-0.638,-0.12,-0.12,-0.75,113.05,-1.21,19.82,-0.18,0.01,0.06,4.09,-53.25,-78.12,0.15,0.01,0.52,0.95
20.068,3,0.717,0.06,-0.17,-0.67,285.99,-10.01,18.66,0.37,-0.01,0.11,4.09,-14.95,18.62,6.26,0.12,0.64,0.92
20.072,0,0.803,0.13,0.15,-0.56,304.52,22.21,2.67,-0.02,-0.16,-0.13,4.09,1.83,5.04,-10.53,-0.48,0.07,0.74
20.074,4,-0.875,0.38,-0.22,-0.19,25.68,32.6,-43.76,-0.03,-0.09,0.06,3.94,-6.1,-16.17,11.14,-0.57,-0.55,0.7
20.078,2,-0.922,0.3,-0.11,0.21,346.63,4.09,-37.5,0.05,-0.15,-0.11,4.09,-7.93,-4.58,18.92,-0.12,-0.42,0.78
20.079,5,0.391,-0.19,0.45,0.78,159,40.43,47.27,-0.01,-0.11,0.21,4.01,-18.92,-6.71,-9.77,-0.54,0.39,0.55
20.16,1,0.491,-0.08,-0.08,-0.86,252.83,-12.55,3.98,-0,-0.18,-0.11,4.09,8.7,-25.33,48.68,0.07,-0.06,0.92
20.161,6,0.882,0.16,-0.12,0.43,63.51,-20.65,10.88,-0.18,0.12,0.19,3.96,-17.7,118.87,-13.43,0.23,0.29,1.15
20.165,7,-0.634,-0.14,-0.05,-0.76,113.27,-8.11,14.82,0.11,0.03,-0.05,4.09,-43.79,-51.57,66.53,0.05,0.17,0.94
20.166,3,0.718,0.07,-0.16,-0.67,286.38,-8.07,18.56,0.04,-0.07,0.02,4.09,-2.9,22.89,-2.14,0.08,0.44,0.97
20.17,0,0.796,0.13,0.14,-0.57,303.2,22.49,2.81,-0.12,-0.14,-0.09,4.09,2.44,1.68,-10.99,-0.49,-0.03,0.78
20.171,4,-0.875,0.38,-0.22,-0.21,28.3,32.67,-42.56,-0.01,-0.06,-0.1,3.94,8.09,-16.48,36.62,-0.46,-0.41,0.62
20.176,2,-0.922,0.31,-0.11,0.2,348.09,4.82,-38.49,0.01,-0.03,-0.09,4.09,-12.36,-6.56,-2.14,-0.05,-0.56,0.73
20.177,5,0.383,-0.19,0.44,0.79,159.61,39.5,46.14,0.02,-0.05,-0.01,4.01,-11.9,-4.58,7.02,-0.56,0.47,0.52
20.259,1,0.523,-0.09,-0.1,-0.84,257.19,-14.75,3.93,-0.1,-0.08,-0.02,4.09,19.84,-19.38,41.2,0.22,-0.06,0.97
20.261,6,0.901,0.1,-0.04,0.42,63.57,-9.15,7.84,0.16,0.2,0.1,3.96,-37.38,132.14,0,0.16,-0.11,1.1
20.264,7,-0.58,-0.15,0.01,-0.8,121.14,-13.99,9.32,-0.13,0.03,0.05,4.09,-42.42,-32.81,88.5,0.27,0.31,0.98
20.266,3,0.716,0.08,-0.15,-0.68,286.32,-6.08,18.79,0.07,-0.16,-0.11,4.09,2.9,17.85,-12.97,-0.06,0.36,0.82
20.269,0,0.797,0.14,0.15,-0.57,303.66,23.01,3,-0.11,-0.05,0.02,4.09,-4.88,-5.04,13.73,-0.46,-0.03,0.92
20.27,4,-0.87,0.37,-0.22,-0.24,31.93,33.95,-40.87,-0.04,-0.01,-0.05,3.94,-12.05,-6.56,26.09,-0.56,-0.43,0.57
20.274,2,-0.92,0.33,-0.11,0.19,349.22,4.08,-39.88,-0.04,0.04,0.07,4.09,-12.97,-10.53,0.92,-0.08,-0.73,0.78
20.276,5,0.374,-0.19,0.44,0.79,160.63,39.06,45.75,0.12,-0.05,-0.01,4.01,-3.2,4.58,1.83,-0.7,0.41,0.55
20.364,1,0.549,-0.1,-0.11,-0.82,260.82,-16.24,4.64,-0.17,-0.02,0.15,4.09,17.55,-10.99,40.74,0.37,-0.07,1.11
20.366,6,0.898,0.01,0.04,0.44,66.06,2.95,3.15,0.19,-0.11,-0.16,3.96,-52.03,108.95,19.68,0.18,-0.06,0.82
20.369,7,-0.542,-0.15,0.06,-0.82,126.64,-18.15,4.52,-0.01,0.4,0.15,4.09,-27.31,-35.4,55.69,-0.02,0.28,1.19
20.371,3,0.713,0.1,-0.15,-0.68,286.04,-4.57,20.07,-0.09,-0.09,-0.09,4.09,12.51,14.34,-23.04,-0.03,0.23,0.87
20.375,0,0.808,0.13,0.14,-0.56,305.52,22.09,3.44,-0.04,0.06,0.1,4.09,-4.73,-16.17,22.58,-0.36,-0,1.04
20.376,4,-0.858,0.39,-0.22,-0.26,33.69,35.1,-42.19,-0.13,-0.11,-0.21,3.94,-23.04,1.53,12.82,-0.69,-0.47,0.59
20.38,2,-0.918,0.34,-0.09,0.18,350.47,2.65,-40.95,0.01,0.07,0.14,4.09,0,-25.02,-5.65,-0.02,-0.79,0.8
20.381,5,0.362,-0.2,0.44,0.8,162.76,39.71,46.66,0.08,-0.03,-0.08,4.01,-2.9,13.73,5.65,-0.75,0.51,0.6
20.463,1,0.58,-0.1,-0.13,-0.8,265.16,-17.65,5.57,0.12,-0.23,0.18,4.09,14.34,-29.3,33.57,0.07,0.26,1.4
20.465,6,0.877,-0.05,0.08,0.47,70.54,10.48,-1.15,0.08,-0.25,-0.42,3.96,-37.99,43.79,77.82,0.11,0.09,0.6
20.468,7,-0.498,-0.14,0.08,-0.85,133.47,-18.52,-0.09,-0.4,0.75,0.11,4.09,0,32.35,38.91,-0.15,0.74,1.23
20.47,3,0.718,0.11,-0.14,-0.67,287.33,-3.18,20.99,-0.02,-0.14,-0.01,4.09,13.43,8.09,16.17,-0.08,0.34,0.95
20.474,0,0.825,0.12,0.13,-0.54,308.6,19.84,4.15,0.18,-0.15,0.34,4.09,-12.66,-12.21,12.97,-0.36,0.32,1.1
20.476,4,-0.844,0.41,-0.22,-0.28,35.01,36.17,-44.38,-0.13,-0.05,-0.19,3.94,-33.72,-5.65,-6.26,-0.53,-0.47,0.52
20.479,2,-0.922,0.34,-0.07,0.18,351.84,0.15,-40.23,0.16,0.03,0.16,4.09,13.43,-25.33,-8.7,0.17,-0.7,0.92
20.481,5,0.348,-0.21,0.45,0.8,165.51,40.28,48.27,-0.03,-0.02,0.09,4.01,-7.48,17.4,2.59,-0.65,0.47,0.52
20.562,1,0.575,-0.11,-0.11,-0.8,264.67,-17.17,3.03,0.55,-0.34,0.21,4.09,-43.18,47,-64.85,-0.11,0.54,1.31
20.564,6,0.842,-0.07,0.08,0.53,77.96,12.08,-2.57,-0.12,0.36,0.22,3.96,-39.37,4.88,54.78,-0.59,-0.05,1.09
20.567,7,-0.492,-0.06,0.01,-0.87,134.79,-7.21,2.33,-0.51,-0.21,0.3,4.09,69.58,91.25,13.58,0.51,0.38,1.3
20.568,3,0.73,0.12,-0.15,-0.66,289.57,-3.04,21.7,-0.03,0,0.12,4.09,7.63,11.9,25.79,0.06,0.38,1.06
20.572,0,0.834,0.12,0.12,-0.52,310.49,19.15,4.43,0.04,-0.21,0.12,4.09,-4.27,11.6,5.19,-0.51,0.18,0.94
20.573,4,-0.834,0.42,-0.21,-0.29,36.91,36.12,-45.86,0.01,0.08,0.12,3.93,-21.36,-20.29,11.29,-0.67,-0.71,0.57
20.578,2,-0.928,0.33,-0.05,0.17,354.03,-0.65,-38.85,0.15,-0.12,0.01,4.09,16.17,-10.53,17.7,0.11,-0.55,0.87
20.579,5,0.33,-0.23,0.44,0.8,168.13,40.84,47.86,-0.01,-0.02,0.2,4.01,-37.84,12.21,0,-0.53,0.37,0.39
20.661,1,0.522,-0.09,-0.08,-0.84,257.24,-14,2.3,0.1,-0.25,-0.06,4.09,-16.33,13.73,-90.03,-0.05,0,1
20.663,6,0.814,-0.09,0.07,0.57,83.42,12.35,-4.64,0.19,-0.25,-0.22,3.96,-26.55,-85.91,8.39,0.08,-0.16,0.88
20.668,7,-0.531,-0.05,-0.1,-0.84,129.61,0.96,12.9,-0.09,-0.16,0.38,4.09,144.65,89.11,-99.18,0.2,0.36,1.29
20.669,3,0.752,0.13,-0.14,-0.63,293.49,-3.11,21.74,0.02,0.01,0.08,4.09,0.76,6.87,41.05,0.06,0.44,0.97
20.674,0,0.837,0.13,0.13,-0.51,311.94,20.79,5.32,-0.01,-0.21,-0.07,4.09,4.12,20.75,10.07,-0.51,0.16,0.78
20.676,4,-0.832,0.42,-0.19,-0.31,40.35,35.02,-44.89,0.07,-0.11,-0.19,3.93,0.92,-33.11,15.72,-0.41,-0.46,0.56
20.68,2,-0.936,0.32,-0.05,0.13,357.76,0.57,-37.93,0.08,-0.15,-0.06,4.09,-1.98,-10.53,47.91,0.03,-0.42,0.82
20.681,5,0.31,-0.24,0.41,0.82,169.71,40.95,43.63,0.2,-0.07,0.05,4.01,-43.49,1.83,25.33,-0.79,0.44,0.57
20.761,1,0.478,-0.1,-0.08,-0.87,251.38,-14.23,2.71,0.12,-0.23,-0.07,4.09,-17.09,-7.63,-77.36,0.02,0,0.98
20.763,6,0.819,-0.07,0.03,0.57,83.26,7.36,-5.02,0.15,-0.39,0.42,3.96,65.61,-133.51,-165.86,0.45,-0.4,1.56
20.768,7,-0.588,-0.04,-0.25,-0.77,122.33,13.08,26.44,0.43,-0.46,-0.33,4.09,105.9,78.58,-40.89,0.18,-0.07,0.88
20.77,3,0.779,0.13,-0.14,-0.6,298.22,-3.87,21.36,0.33,-0.28,0.02,4.09,-11.29,27.62,19.68,-0.11,0.74,0.8
20.774,0,0.838,0.15,0.14,-0.51,312.87,22.33,6.47,0.01,-0.21,-0.11,4.09,9.31,13.89,-4.12,-0.49,0.19,0.74
20.776,4,-0.829,0.41,-0.17,-0.34,44.09,34.41,-43.26,0.03,0.03,0.01,3.93,-0.31,-23.19,22.89,-0.55,-0.63,0.59
20.782,2,-0.939,0.33,-0.05,0.1,0.93,1.23,-38.4,0.08,-0.13,-0.05,4.09,-7.17,-16.02,19.38,0.03,-0.47,0.82
20.783,5,0.29,-0.24,0.38,0.84,170.85,39.24,39.76,0.1,-0.12,0.09,4.01,-35.4,-14.95,9.31,-0.61,0.27,0.57
20.861,1,0.433,-0.1,-0.07,-0.89,245.61,-14.17,2.02,-0.01,-0.05,-0.04,4.09,-25.18,0,-54.47,0.18,-0,0.96
20.863,6,0.824,-0.02,-0.03,0.57,83.04,-1.51,-3.24,-0.11,-0.05,-0.05,3.96,12.97,-90.79,-2.44,-0.02,0.05,1.01
20.868,7,-0.606,-0.05,-0.34,-0.72,120.06,19.46,35.3,0.11,-0.43,-0.74,4.09,59.05,1.68,-100.56,0.27,0.03,0.41
20.869,3,0.771,0.14,-0.13,-0.61,297.22,-1.68,22.12,0,-0.17,-0.16,4.09,0.61,22.89,6.56,-0.14,0.37,0.76
20.873,0,0.831,0.16,0.13,-0.52,311.99,22.76,7.98,-0.04,-0.04,-0.06,4.09,15.72,-6.87,-8.54,-0.42,0.1,0.86
20.875,4,-0.821,0.41,-0.17,-0.36,48.26,34.96,-41.6,0.06,-0.05,0.04,3.93,-13.89,-8.39,18.92,-0.57,-0.77,0.72
20.879,2,-0.937,0.33,-0.03,0.09,2.86,-0.13,-39.25,0.04,-0.04,0.03,4.09,-14.95,-26.09,-13.73,0.04,-0.62,0.82
20.881,5,0.274,-0.24,0.36,0.86,172.13,38.12,37.92,0.11,-0.05,-0.04,4.01,-17.09,0.31,12.21,-0.71,0.38,0.64
20.981,1,0.406,-0.11,-0.05,-0.91,242.27,-13.54,0.48,-0.29,0.07,-0.02,4.09,-36.93,-1.07,-20.75,0.48,-0.16,0.9
20.983,6,0.841,0.04,-0.07,0.54,79.03,-9.21,-0.53,0.04,-0,0.02,3.96,32.04,-82.4,-54.17,0.19,-0.04,1.02
20.988,7,-0.664,-0.08,-0.33,-0.67,110.58,19.64,35.38,-0.04,0.27,0.24,4.09,29.75,-59.36,3.66,-0.67,0.69,0.85
20.989,3,0.779,0.15,-0.12,-0.6,298.95,-0.37,21.89,0.13,-0.2,-0.04,4.09,1.22,24.87,2.44,-0.15,0.51,0.83
20.994,0,0.828,0.16,0.12,-0.52,311.42,22,8.96,0,-0,0.09,4.09,-0.46,-17.09,7.93,-0.4,0.16,1.02
20.996,4,-0.808,0.41,-0.17,-0.39,50.86,35.94,-42,-0.06,-0.04,0.02,3.93,-32.96,4.27,0,-0.45,-0.53,0.6
21,2,-0.935,0.34,-0.02,0.09,3.96,-1.79,-40.2,0.16,0.1,0.13,4.09,-1.53,-19.99,13.12,0.2,-0.77,0.82
21.002,5,0.256,-0.25,0.36,0.86,174.44,37.53,38.17,0.05,-0.02,0.04,4.01,-6.87,5.65,7.78,-0.67,0.39,0.63
21.08,1,0.397,-0.12,-0.04,-0.91,241.41,-14.58,-0.94,0.02,-0.48,0.08,4.09,-2.9,-20.75,19.84,-0.1,-0.4,1.23
21.081,6,0.855,0.11,-0.12,0.49,73.53,-17.7,4.01,-0.14,0.11,-0.07,3.96,32.65,-115.2,-99.18,0.09,0.11,0.95
21.085,7,-0.657,-0.11,-0.31,-0.68,110.83,14.94,35.66,0.48,0.17,0.69,4.09,16.48,-106.35,84.38,-0.75,0.67,1.91
21.086,3,0.785,0.17,-0.11,-0.59,300.86,1.36,22.87,-0.02,-0.07,-0.05,4.09,2.44,13.43,30.98,-0.13,0.38,0.87
21.09,0,0.842,0.15,0.11,-0.51,313.32,19.23,8.49,-0.05,0.03,0.51,4.09,-28.99,-9.31,45.78,-0.65,0.08,1.31
21.091,5,0.241,-0.25,0.36,0.87,176.48,37.51,38.56,-0.03,-0,0.21,4.01,-1.98,15.41,7.93,-0.55,0.41,0.57
21.096,2,-0.937,0.34,-0,0.08,5.34,-2.84,-39.72,0.17,0.06,0.11,4.09,25.33,-9.31,-7.78,0.2,-0.76,0.81
21.097,4,-0.791,0.43,-0.16,-0.4,52.07,37.07,-44.37,0.04,-0.05,-0.13,3.94,-33.26,-1.98,4.88,-0.71,-0.6,0.58
21.181,1,0.446,-0.12,-0.06,-0.88,247.47,-15.34,0.58,0.06,-0.55,0.04,4.09,48.22,1.37,144.35,-0.19,-0.32,1.21
21.182,6,0.869,0.18,-0.16,0.43,64.43,-25.44,11.24,-0.06,0.59,0.11,3.96,33.11,-58.29,-48.83,-0.03,-0.04,1.25
21.186,7,-0.564,-0.1,-0.28,-0.77,124.46,9.15,33.53,-0.92,-0.51,0.88,4.09,-9.92,-126.65,125.12,0.21,1.28,1.52
21.187,3,0.81,0.17,-0.1,-0.55,305.82,1.53,22.93,0.05,0,-0.01,4.09,-7.02,22.58,58.44,0,0.43,0.89
21.191,0,0.866,0.14,0.11,-0.47,318.92,19.18,8.25,-0.04,-0.23,0.02,4.09,-15.41,0.46,46.08,-0.54,0.19,0.9
21.193,4,-0.777,0.45,-0.15,-0.42,54.19,37.19,-45.94,-0.03,-0.04,-0.05,3.94,-19.84,-22.89,5.34,-0.57,-0.5,0.56
21.197,2,-0.945,0.32,0,0.05,8.87,-1.95,-37.63,0.13,-0.29,-0.19,4.09,20.14,-14.5,26.09,0.18,-0.29,0.77
21.198,5,0.224,-0.26,0.36,0.87,179.24,37.91,39.48,-0,-0.07,0.24,4.01,-9.16,17.85,19.99,-0.58,0.49,0.65
21.261,1,0.54,-0.11,-0.07,-0.83,260.06,-14.56,-0.33,0.2,-0.23,-0.06,4.09,0,9.46,121,-0.02,0.05,0.94
21.263,6,0.877,0.22,-0.16,0.4,58.77,-27.21,16.57,-0.23,0.81,-0.07,3.96,26.86,13.58,-12.66,-0.26,-0.11,1.23
21.266,7,-0.525,-0.14,-0.23,-0.81,128.23,0.73,30.93,-0.14,-0.12,0,4.09,-41.96,-52.34,96.44,0.09,0.74,0.81
21.268,3,0.853,0.16,-0.09,-0.49,314.5,0.27,21.48,0.07,-0.09,0.12,4.09,-21.67,29.75,77.06,-0.03,0.47,0.96
21.271,0,0.884,0.14,0.12,-0.43,323.32,19.04,8.45,-0.05,-0.17,-0.11,4.09,-21.36,5.95,42.88,-0.45,0.19,0.76
21.273,4,-0.768,0.45,-0.13,-0.44,57.75,36.09,-45.78,0.02,-0.04,0.01,3.93,-4.73,-36.01,3.97,-0.47,-0.56,0.64
21.369,1,0.609,-0.12,-0.06,-0.78,270.19,-14.87,-2.47,0.07,-0.05,-0.14,4.09,18.77,-28.84,99.03,0.11,0.02,0.9
21.37,5,0.194,-0.27,0.35,0.87,183.32,37.77,40.15,0.03,-0.01,0.08,4.01,-31.59,16.78,12.97,-0.81,0.33,0.55
21.374,7,-0.507,-0.17,-0.16,-0.83,129.73,-6.21,26.34,0.21,0.06,-0.06,4.09,-42.42,-38.45,27.47,-0.05,0.27,0.92
21.376,6,0.883,0.2,-0.09,0.42,61.63,-19,16.63,0.44,0.23,0.25,3.96,2.44,136.11,44.56,0.62,-0.18,1.29
21.38,0,0.899,0.13,0.12,-0.4,327.17,18.63,7.81,-0.11,-0.11,-0.11,4.09,-27.31,0.31,42.11,-0.42,0.1,0.78
21.381,3,0.878,0.15,-0.06,-0.45,320.07,1.33,18.9,0.09,-0.28,-0.07,4.09,-26.86,20.9,10.83,-0.19,0.52,0.8
21.385,2,-0.951,0.31,0.01,-0.01,15.41,-1.32,-35.85,-0,-0.09,-0.09,4.09,0,-12.36,44.86,0.02,-0.46,0.78
21.386,5,0.157,-0.28,0.33,0.89,187.49,37.31,38.55,0.12,-0.16,-0.09,4.01,-36.77,0.61,37.54,-0.62,0.34,0.57
21.468,1,0.658,-0.12,-0.07,-0.74,277.74,-15.77,-3.04,0.07,-0.08,-0.15,4.09,20.45,-18.16,63.48,0.2,-0.01,0.86
21.469,4,-0.762,0.44,-0.11,-0.46,61.58,34.74,-44.68,0,-0.02,0.12,3.93,-9.31,-21.82,17.85,-0.47,-0.56,0.61
21.473,7,-0.464,-0.18,-0.11,-0.86,135.32,-11.6,21.05,-0.05,0.06,-0.03,4.09,-51.12,-28.69,95.67,0.17,0.43,0.86
21.474,6,0.851,0.12,-0.01,0.51,75.14,-8.3,11.46,0.03,-0.17,0.3,3.96,-32.81,136.11,90.94,0.3,0.22,1.22
21.479,0,0.913,0.11,0.12,-0.37,330.77,18.18,7.08,-0.08,-0.09,-0.05,4.09,-20.45,-2.59,31.13,-0.42,0.14,0.87
21.48,3,0.884,0.14,-0.06,-0.44,321.26,1.01,17.84,0.25,-0.2,-0.03,4.09,-9.61,3.66,0,-0.05,0.6,0.81
21.503,2,-0.95,0.31,0.02,-0.04,18.8,-0.72,-36.17,-0.02,-0,0.03,4.09,-6.41,-16.17,22.13,0.03,-0.61,0.83
21.504,5,0.127,-0.28,0.31,0.9,190.36,35.67,37.18,0.07,-0.06,-0.21,4.01,-26.09,2.75,28.99,-0.55,0.31,0.53
21.576,1,0.689,-0.12,-0.08,-0.71,282.79,-16.54,-2.79,-0.01,0.07,0.03,4.09,31.13,-12.66,55.54,0.36,-0.06,0.96
21.578,4,-0.75,0.43,-0.1,-0.49,66.52,34.74,-42.45,0.01,-0.03,-0.03,3.93,0,-25.48,39.83,-0.5,-0.54,0.6
21.581,7,-0.422,-0.19,-0.05,-0.88,140.78,-17.52,14.93,0.25,0.21,0.08,4.09,-49.9,-48.98,52.8,-0.01,0.23,1.12
21.583,6,0.812,0.04,0.06,0.58,85.13,2.46,7.92,0.16,-0.28,-0.28,3.96,-30.36,104.83,112,0.28,0.13,0.7
21.586,0,0.923,0.11,0.12,-0.35,333.44,16.73,6.89,-0.06,0.05,0.01,4.09,-15.11,-24.57,35.71,-0.3,0.05,0.97
21.587,3,0.879,0.16,-0.07,-0.44,320.74,1.1,20.21,-0.23,0.01,-0.11,4.09,-1.37,0,-20.29,-0.19,0.11,0.88
21.591,2,-0.948,0.31,0.04,-0.06,22.03,-1.6,-36.5,0.03,0.09,0.04,4.09,-1.22,-33.57,4.58,0.06,-0.71,0.77
21.593,5,0.095,-0.29,0.3,0.9,194.25,35.48,37.03,0.05,-0.02,-0.04,4.01,-15.26,25.18,21.67,-0.53,0.4,0.54
21.677,1,0.717,-0.13,-0.1,-0.68,287.86,-18.66,-2.99,0.03,0.03,-0.02,4.09,9.77,-31.43,55.24,0.33,-0.01,0.94
21.678,4,-0.731,0.43,-0.09,-0.52,71.9,35.43,-40.45,-0.09,-0.03,-0.08,3.94,-25.02,-15.87,19.99,-0.62,-0.57,0.68
21.683,7,-0.366,-0.19,-0.01,-0.91,148.51,-20.52,9.4,0.1,0.61,0.06,4.09,5.34,32.65,66.38,-0.07,0.46,1.12
21.685,6,0.775,-0.01,0.09,0.63,92.26,8.44,5.55,0.11,-0.16,-0.24,3.96,-31.43,43.03,58.75,0.04,0.04,0.77
21.688,0,0.936,0.09,0.09,-0.33,336.23,13.25,6.47,0.03,-0.14,0.3,4.09,-15.87,-19.99,18.92,-0.34,0.4,1.28
21.69,3,0.891,0.16,-0.08,-0.42,323.59,-0.47,20.13,0.04,-0,0.01,4.09,4.73,-2.44,58.29,-0,0.42,0.95
21.694,2,-0.945,0.31,0.06,-0.08,25.12,-3.21,-36.94,0.14,-0.03,0.08,4.09,5.19,-32.04,28.69,0.25,-0.61,0.91
21.696,5,0.067,-0.3,0.3,0.9,198.29,35.92,38.01,0.08,-0,0.02,4.01,-16.94,30.67,18.92,-0.63,0.42,0.57
21.776,1,0.722,-0.16,-0.09,-0.67,289.66,-19.83,-6.35,0.44,-0.67,0.14,4.09,-40.13,52.03,-20.6,-0.17,0.38,1.34
21.778,4,-0.707,0.44,-0.07,-0.55,75.95,35.85,-41.5,0.03,-0.1,0.03,3.94,-36.32,-14.95,4.43,-0.52,-0.61,0.7
21.781,7,-0.318,-0.13,-0.04,-0.94,155.59,-11.95,9.6,-0.19,0.07,0.27,4.09,80.87,102.84,7.02,0.34,0.35,1.25
21.783,6,0.718,-0.03,0.08,0.69,102.12,9.48,4.07,0.31,0.16,-0.03,3.96,-46.39,-25.79,96.74,-0.32,-0.25,0.99
21.786,0,0.94,0.08,0.08,-0.32,336.98,11.97,5.65,-0.06,-0.18,0.16,4.09,-12.05,7.48,20.9,-0.39,0.21,1.08
21.788,3,0.905,0.16,-0.08,-0.38,327.78,-1.24,21.19,-0.06,0.05,-0.04,4.09,2.44,-3.97,40.89,0.01,0.27,0.92
21.792,2,-0.944,0.3,0.07,-0.11,28.82,-3.71,-36.03,0.24,-0.07,0.06,4.09,13.28,-20.29,37.69,0.32,-0.59,0.88
21.794,4,-0.687,0.45,-0.05,-0.57,79.2,35.22,-43.25,0.03,0,-0.1,3.94,-37.23,-28.99,13.12,-0.55,-0.56,0.51
21.874,1,0.701,-0.15,-0.06,-0.7,285.66,-16.83,-7.71,0.21,-0.26,-0.11,4.09,-19.84,6.87,-84.38,-0.01,0.04,0.98
21.876,5,0.04,-0.33,0.29,0.9,202.23,37.48,37.91,0.08,-0.05,-0.05,4.01,-34.48,32.96,12.05,-0.68,0.45,0.63
21.88,7,-0.312,-0.08,-0.15,-0.93,156.6,-3.12,19.52,0.21,-0.11,0.34,4.09,123.29,99.79,-40.44,0.06,0.38,1.34
21.881,6,0.664,-0.05,0.06,0.74,110.61,9.38,1.33,-0.21,0.25,-0,3.96,-36.16,18.16,65.31,-0.46,0.24,0.93
21.885,0,0.945,0.08,0.1,-0.3,339.51,13.69,5.88,-0.11,-0.19,-0.06,4.09,-6.26,22.43,25.18,-0.41,0.18,0.84
21.886,3,0.922,0.16,-0.1,-0.34,332.83,-4.15,20.95,0.06,-0.01,0.04,4.09,6.87,-3.97,56.92,0.12,0.42,0.95
21.89,2,-0.939,0.29,0.07,-0.16,34.58,-2.23,-35.27,0.02,-0.21,-0.08,4.09,7.93,-10.07,60.73,0.13,-0.37,0.85
21.892,5,0.015,-0.35,0.25,0.9,205.1,39.87,34.68,0.13,-0.1,-0.08,4.01,-69.89,21.51,-5.19,-0.74,0.29,0.55
21.972,1,0.67,-0.16,-0.06,-0.72,281.01,-17.98,-7.94,0.15,-0.13,-0.15,4.09,-12.97,-16.48,-38.15,0.13,-0.01,0.93
21.974,4,-0.667,0.45,-0.02,-0.59,83.37,33.7,-44.33,0.11,-0.06,-0,3.93,-23.19,-33.26,11.9,-0.51,-0.7,0.58
21.979,7,-0.325,-0.01,-0.29,-0.9,157.17,9.63,32.65,0.05,-0.61,-0.29,4.09,107.73,92.32,-3.2,0.28,0.01,0.93
21.98,6,0.648,-0.06,0.06,0.76,112.96,9.14,0.63,-0.85,-0.79,-0.46,3.96,0.31,-144.96,-36.47,0.46,0.49,0.97
21.984,0,0.949,0.09,0.11,-0.28,341.7,14.88,6.49,-0.08,-0.18,-0.11,4.09,0.76,9.16,23.04,-0.39,0.21,0.81
21.985,3,0.933,0.15,-0.12,-0.31,336.47,-7.13,20.92,0.22,-0.32,0.15,4.09,-15.11,10.68,36.16,0.09,0.78,0.92
21.989,2,-0.933,0.29,0.07,-0.2,37.98,-0.95,-35.12,-0.01,-0.1,-0.07,4.09,-0.76,-4.43,21.82,0.04,-0.45,0.81
21.99,4,-0.65,0.44,0,-0.62,88.14,32.61,-43.24,0.1,-0.07,0,3.94,2.75,-35.86,32.96,-0.45,-0.59,0.59
22.091,1,0.653,-0.17,-0.05,-0.74,278.65,-18.55,-8.88,0.15,-0.21,-0.03,4.09,-24.11,10.22,-25.48,0.12,0.02,0.97
22.092,5,0.001,-0.36,0.19,0.91,204.65,41.43,28.05,-0,-0.13,-0.04,4.01,-52.34,-8.7,-22.89,-0.75,0.25,0.7
22.096,7,-0.337,0.01,-0.37,-0.87,157.3,15.34,40.79,-0.16,-0.37,-0.76,4.09,40.74,-18.46,-44.56,0.27,0.08,0.37
22.098,6,0.648,0.01,0.01,0.76,113.29,-0.24,1.43,-0.26,-0.22,-0.12,3.96,17.09,-95.21,3.66,0.25,0.06,0.92
22.101,0,0.951,0.1,0.11,-0.27,343.34,15.23,8.05,-0.06,-0.09,-0.04,4.09,5.95,-3.2,9,-0.35,0.15,0.89
22.102,3,0.929,0.16,-0.11,-0.31,335.65,-6.06,22.07,-0.07,-0.13,-0.06,4.09,4.12,21.36,-5.04,-0.05,0.43,0.83
22.106,2,-0.928,0.3,0.08,-0.21,40.07,-0.77,-35.62,0.11,-0.08,-0.05,4.09,-8.39,-19.07,3.66,0.13,-0.55,0.79
22.107,4,-0.63,0.43,0.02,-0.65,93.28,32.18,-41.32,0.17,-0.11,0.18,3.94,-10.07,-18.62,40.74,-0.41,-0.54,0.62
22.189,1,0.644,-0.17,-0.03,-0.74,277.33,-17.52,-10.42,0.06,0.23,-0.02,4.09,-22.43,-1.37,-22.13,0.52,-0.07,0.87
22.19,5,-0.001,-0.36,0.15,0.92,202.69,41.86,21.87,0.1,-0.09,0.18,4.01,-18.31,-0.46,7.17,-0.86,0.24,0.77
22.195,7,-0.392,-0.03,-0.37,-0.84,149.44,13.89,41.57,0.58,0.2,0.24,4.09,9.92,-39.06,-23.96,-0.76,0.44,0.96
22.197,6,0.655,0.08,-0.02,0.75,111.69,-8.37,3.67,-0.05,0.01,-0.02,3.96,36.93,-85.75,-42.88,0.11,0.11,0.99
22.2,0,0.953,0.11,0.1,-0.26,344.34,14.32,9.5,-0.03,-0.02,0.03,4.09,-3.05,-18.62,20.75,-0.27,0.14,1
22.202,3,0.93,0.17,-0.1,-0.31,336.31,-4.54,22.57,-0.08,-0.16,-0.05,4.09,10.22,24.57,19.23,-0.07,0.44,0.83
22.205,2,-0.924,0.3,0.09,-0.22,41.71,-2.16,-36.46,0.15,-0.09,0.03,4.09,-1.98,-17.09,1.83,0.21,-0.62,0.82
22.207,5,-0.015,-0.36,0.15,0.92,204.3,41.65,21.86,0.04,-0.02,0.06,4.01,1.53,9.92,21.51,-0.77,0.34,0.77
22.287,1,0.636,-0.18,-0.04,-0.75,276.46,-18.65,-10.71,0.1,-0.41,0.41,4.09,39.98,7.32,25.02,0.11,-0.2,1.27
22.289,4,-0.6,0.43,0.03,-0.67,97.67,33.11,-41.71,0.11,-0.05,0.04,3.94,-35.71,-8.85,24.41,-0.53,-0.72,0.61
22.293,7,-0.377,-0.06,-0.36,-0.85,150.18,10.19,41.83,0.42,-1.35,-0.06,4.09,-60.58,190.28,85.45,0.69,-0.58,1.13
22.295,6,0.67,0.16,-0.05,0.72,107.06,-17.88,8.57,0.1,0.13,-0.02,3.96,36.62,-85.3,-34.64,0.16,-0.04,0.94
22.298,0,0.959,0.1,0.09,-0.25,346.08,12.64,9.03,-0.12,-0.11,0.16,4.09,-15.26,10.53,9.61,-0.39,0.22,1.07
22.3,3,0.94,0.18,-0.09,-0.28,340.59,-3.42,23.03,0.06,0.01,-0.02,4.09,-3.81,21.06,39.22,0.15,0.41,0.87
22.303,2,-0.923,0.29,0.11,-0.23,42.91,-3.48,-36.03,0.22,0.06,0.26,4.09,11.75,-10.07,-1.37,0.23,-0.81,0.92
22.305,5,-0.028,-0.38,0.15,0.91,206.74,42.73,23.21,0.07,-0.1,-0.01,4.01,2.44,17.24,12.97,-0.69,0.12,0.59
22.386,1,0.684,-0.17,-0.05,-0.71,283.44,-17.59,-9.59,-0.21,-0.41,0.15,4.09,52.95,14.95,163.73,0.06,-0.4,1.17
22.388,4,-0.568,0.45,0.04,-0.69,100.96,34.48,-43.67,0.06,-0.11,0.05,3.94,-26.7,-4.73,19.38,-0.48,-0.56,0.55
22.391,7,-0.314,-0.09,-0.32,-0.89,155.97,2.54,39.3,0.06,-0.5,0.01,4.09,-34.33,-8.54,52.64,0.27,0.35,0.87
22.393,6,0.678,0.23,-0.07,0.7,102.62,-24.31,13.35,0.09,0.43,0.02,3.96,24.87,-66.83,-38.91,0.02,0.17,1.11
22.397,0,0.96,0.11,0.1,-0.24,347.16,13.67,9.44,-0.22,-0.06,-0.01,4.09,-1.68,19.07,19.23,-0.45,0.1,0.9
22.399,3,0.952,0.18,-0.08,-0.23,345.95,-3.67,22.67,-0.02,-0.16,-0.03,4.09,2.75,19.07,61.95,-0.03,0.49,0.85
22.403,2,-0.914,0.29,0.11,-0.26,47.16,-2.36,-35.88,-0.05,-0.24,-0.19,4.09,0.61,-10.53,31.13,0.12,-0.3,0.77
22.404,5,-0.05,-0.39,0.16,0.91,210.98,43.4,26.17,-0.01,-0.03,0.05,4.01,-5.95,28.23,43.95,-0.69,0.34,0.7
22.485,1,0.76,-0.15,-0.05,-0.63,296.3,-15.4,-10.59,0.11,-0.2,-0,4.09,16.33,-15.26,134.89,0.15,-0,0.98
22.487,4,-0.546,0.46,0.06,-0.7,102.81,35.19,-45.58,0.07,-0.03,-0.13,3.94,-13.58,-12.97,19.99,-0.5,-0.53,0.47
22.49,7,-0.237,-0.13,-0.29,-0.92,163.29,-5.65,36.06,-0.15,0.21,0.11,4.09,-34.94,-27.01,95.98,0.15,0.8,0.76
22.492,6,0.699,0.26,-0.07,0.66,96.94,-25.98,17.62,0.55,0.98,0.3,3.96,3.51,37.38,-51.27,-0.24,-0.17,1.76
22.496,0,0.964,0.11,0.11,-0.22,349.95,15.06,9.81,-0.21,-0.06,-0.04,4.09,-11.75,13.28,36.16,-0.46,0.11,0.86
22.497,3,0.962,0.19,-0.08,-0.18,352.25,-4.95,23.72,0.33,0.3,0.63,4.09,10.07,8.24,19.68,0.49,0.46,1.54
22.5,2,-0.912,0.28,0.11,-0.28,48.69,-2.96,-35.29,0.15,-0.09,0.08,4.09,10.68,-17.09,4.12,0.21,-0.65,0.84
22.502,5,-0.092,-0.39,0.15,0.91,216.41,42.5,27.3,0.14,-0.17,-0.09,4.01,-32.04,-21.21,21.36,-0.79,0.26,0.57
22.596,1,0.814,-0.16,-0.05,-0.56,306.88,-15.11,-11.76,0.1,-0.25,-0.07,4.09,28.53,-5.95,93.38,0.08,-0.02,0.94
22.598,4,-0.537,0.45,0.07,-0.71,105.72,33.96,-44.54,0.08,-0.04,-0.08,3.94,10.38,-27.47,-7.48,-0.47,-0.71,0.56
22.601,7,-0.177,-0.16,-0.24,-0.94,169.24,-12.58,30.86,0,-0.13,-0.01,4.09,-45.93,-33.72,89.57,0.23,0.43,0.91
22.603,6,0.721,0.19,0.01,0.67,97.4,-13.54,17.7,0.6,-0.17,0.39,3.96,-7.48,157.47,9.92,0.56,-0.24,1.42
22.606,0,0.97,0.11,0.12,-0.18,354.74,16.13,10.39,-0.12,-0.02,-0.08,4.09,-17.85,19.99,54.93,-0.37,0.14,0.82
22.607,3,0.967,0.19,-0.06,-0.16,354.51,-3.5,22.42,-0.03,-0.15,-0.07,4.09,16.78,21.97,-34.79,-0.04,0.46,0.83
22.612,2,-0.9,0.28,0.12,-0.31,52.99,-1.82,-35.28,-0.04,-0.17,-0.09,4.09,-2.29,-4.12,41.2,0.11,-0.38,0.82
22.613,5,-0.111,-0.37,0.13,0.91,217.22,40.28,24.92,0,-0.18,-0.2,4.01,-26.09,-6.87,22.43,-0.68,0.12,0.62
22.695,1,0.854,-0.15,-0.06,-0.5,315.14,-14.34,-11.46,0.1,-0.08,-0.08,4.09,31.13,-7.63,71.56,0.24,-0.07,0.91
22.697,4,-0.519,0.44,0.07,-0.73,109.61,34.37,-42.62,-0.01,-0.1,-0.08,3.93,-14.5,-10.07,19.84,-0.48,-0.67,0.63
22.701,7,-0.111,-0.2,-0.18,-0.96,176.42,-19.99,24.57,0.08,0.16,0.04,4.09,-49.59,-41.5,73.85,0.24,0.54,0.88
22.703,6,0.64,0.08,0.06,0.76,113.67,-3.26,11.16,0.04,-0.31,0.32,3.96,-58.29,151.37,202.64,0.38,0.24,1.27
22.706,0,0.975,0.11,0.13,-0.14,359.32,16.82,10.26,-0.08,-0.06,-0.05,4.09,-20.75,8.7,38.91,-0.37,0.18,0.87
22.708,3,0.965,0.19,-0.05,-0.17,353.24,-1.24,22.76,0,-0.19,-0.08,4.09,-10.38,13.12,-19.84,-0.05,0.54,0.77
22.713,2,-0.892,0.28,0.12,-0.34,55.88,-1.27,-34.98,0.12,-0.06,-0.04,4.09,-7.02,-11.29,29.6,0.15,-0.57,0.79
22.714,4,-0.494,0.44,0.08,-0.75,113.18,35.23,-42.25,-0.02,0.14,-0.03,3.94,-9.31,-6.56,21.51,-0.63,-0.63,0.64
22.797,1,0.879,-0.14,-0.06,-0.45,320.73,-13.44,-10.74,0.26,-0.06,0.09,4.09,36.01,0.76,70.8,0.36,0.05,1.06
22.799,5,-0.132,-0.36,0.12,0.92,219.09,39,23.89,0.02,-0.04,-0.06,4.01,-7.02,-7.78,23.5,-0.66,0.25,0.69
22.803,7,-0.062,-0.23,-0.14,-0.96,182.46,-25.36,18.76,0.54,0.05,0.07,4.09,-21.06,-18.77,79.96,-0.04,0.32,1.15
22.804,6,0.548,-0.03,0.08,0.83,127.67,7.88,6.28,-0.24,-0.37,-0.18,3.96,-48.68,90.18,37.69,0.39,0.16,0.83
22.807,0,0.981,0.1,0.13,-0.11,2.99,15.53,9.91,-0.04,0.05,0.07,4.09,-21.21,-10.68,43.79,-0.31,0.12,1.02
22.809,3,0.962,0.2,-0.04,-0.19,352.06,-0.2,23.1,-0.1,-0.11,-0.08,4.09,-3.81,9.31,-9.46,-0.23,0.43,0.83
22.814,2,-0.882,0.27,0.13,-0.36,59.07,-1.84,-35.25,0.11,0.04,0.06,4.09,2.29,-22.74,10.07,0.08,-0.69,0.82
22.816,5,-0.146,-0.37,0.13,0.91,221.7,39.34,25.89,0.04,-0.07,0.11,4.01,14.04,19.84,18.62,-0.77,0.33,0.75
22.895,1,0.904,-0.13,-0.07,-0.4,327.39,-13.1,-10.84,0.24,-0.43,0.37,4.09,-13.28,-25.79,56.15,0.15,0.2,1.44
22.897,4,-0.47,0.44,0.09,-0.76,116.08,36.13,-42.54,0,-0.16,-0.04,3.94,-23.65,-5.8,21.06,-0.58,-0.46,0.53
22.9,7,0.012,-0.24,-0.11,-0.97,192.29,-27.28,12.93,0.64,0.42,0.16,4.09,19.84,34.48,52.34,-0.11,0.66,1.22
22.902,6,0.506,-0.09,0.07,0.86,133.02,12.78,2.06,-0.21,-0.07,-0.34,3.96,-46.54,34.03,94.6,0.01,0.15,0.67
22.905,0,0.987,0.09,0.11,-0.08,6.35,13.23,9.47,-0.05,-0.18,0.12,4.09,-11.6,-10.83,25.94,-0.33,0.33,1.02
22.907,3,0.962,0.21,-0.03,-0.18,353.62,1.13,24.23,0.05,0.05,-0.05,4.09,9.77,11.9,56,0.04,0.38,0.87
22.911,2,-0.877,0.26,0.14,-0.38,61.24,-2.66,-34.77,0.14,-0.2,0.14,4.09,10.99,-16.48,14.04,0.3,-0.57,0.91
22.913,4,-0.446,0.45,0.1,-0.77,118.18,37.01,-44.06,0.05,-0.1,0.01,3.94,-17.85,-2.59,19.07,-0.58,-0.72,0.6
22.992,1,0.91,-0.15,-0.05,-0.38,329.59,-11.5,-13.49,0.21,-0.69,-0.07,4.09,-26.86,64.7,-17.55,-0.01,0.38,1.06
22.994,5,-0.156,-0.38,0.14,0.9,224.52,40.52,28.77,0.07,-0.07,-0.09,4.01,3.36,21.97,-1.68,-0.64,0.22,0.55
22.998,7,0.067,-0.14,-0.12,-0.98,199.95,-16.59,12.84,-0.25,-0.1,0.4,4.09,65.61,124.21,90.79,0.57,0.13,1.3
22.999,6,0.398,-0.09,0.06,0.91,147.03,12.5,1.54,0.21,0.2,0.12,3.96,-48.98,-34.18,64.7,-0.55,-0.03,1.08
23.003,0,0.99,0.08,0.1,-0.05,9.64,12.16,8.86,-0.22,-0.14,0.02,4.09,-26.55,20.14,37.99,-0.44,0.27,0.9
23.004,3,0.966,0.21,-0.03,-0.14,357.16,0.09,24.79,-0.05,-0.01,0.09,4.09,10.07,-2.14,21.67,-0.04,0.45,0.99
23.007,2,-0.872,0.25,0.14,-0.4,63.88,-2.92,-33.13,0.03,-0.14,0.06,4.09,14.34,2.29,55.54,0.18,-0.46,0.92
23.009,5,-0.169,-0.4,0.13,0.89,226.93,41.95,29.37,0.06,-0.02,0.04,4.01,-25.63,15.26,6.26,-0.76,0.31,0.6
23.091,1,0.898,-0.15,-0.03,-0.41,326.34,-10.62,-14.82,0.1,-0.41,0.02,4.09,-10.07,0.31,-54.78,-0.01,0.08,1.09
23.092,4,-0.426,0.45,0.11,-0.78,120.66,37.22,-44.71,0.06,-0.15,-0.03,3.94,-19.68,-23.04,15.72,-0.49,-0.59,0.51
23.096,7,0.096,-0.05,-0.18,-0.98,204,-7.36,20.16,-0.06,-0.24,0.35,4.09,99.49,101.47,-69.89,0.12,0.16,1.33
23.098,6,0.345,-0.1,0.02,0.93,153.25,11.37,-1.64,0.39,0.32,0.66,3.96,-24.11,6.26,36.47,-0.97,-0.25,1.64
23.101,0,0.99,0.07,0.12,-0.02,13.22,13.77,8.36,-0.19,-0.11,-0.02,4.09,-15.26,18.01,29.6,-0.41,0.23,0.88
23.103,3,0.969,0.22,-0.04,-0.12,0.03,-1.82,25.31,0.19,0.01,0.13,4.09,-3.97,-13.28,43.49,0.24,0.54,1
23.13,2,-0.852,0.24,0.13,-0.45,69.41,-0.34,-31.76,-0.04,-0.17,-0.07,4.09,-0.46,-8.7,42.88,0.12,-0.38,0.85
23.131,5,-0.189,-0.4,0.1,0.89,228.2,42.49,26.05,0.06,-0.17,-0.01,4.01,-36.62,-3.81,11.44,-0.79,0.24,0.63
23.187,1,0.889,-0.16,-0.04,-0.43,324.26,-12.07,-14.48,0.06,-0.4,-0.03,4.09,3.51,-12.21,-21.82,0,0.05,1.05
23.189,4,-0.411,0.44,0.13,-0.79,124.01,35.51,-44.47,0.03,-0.1,-0.07,3.94,1.07,-32.35,19.07,-0.58,-0.65,0.56
23.192,7,0.077,0.07,-0.25,-0.96,204.68,5.52,29.63,-0.31,-0.43,-0.06,4.09,72.48,113.07,-10.38,0.14,0.14,1.03
23.194,6,0.318,-0.07,0.01,0.95,156.8,8.26,-1.15,0.21,-0.43,0.61,3.96,1.83,-104.83,-49.9,-0.03,-0.54,1.56
23.198,0,0.988,0.07,0.13,0.01,16.36,15.39,8.71,-0.14,-0.14,-0.03,4.09,-13.89,19.99,22.43,-0.4,0.3,0.85
23.2,3,0.973,0.21,-0.04,-0.09,3.03,-2.77,24.61,-0.18,-0.37,-0.14,4.09,16.48,-1.37,9,-0.2,0.64,0.66
23.203,2,-0.838,0.24,0.13,-0.47,72.91,0.82,-31.28,-0.08,-0.09,0.03,4.09,-2.59,5.65,47.76,0.03,-0.43,0.93
23.205,5,-0.203,-0.39,0.07,0.89,228.63,42.61,22.88,0,-0.07,0.01,4.01,-24.41,3.36,-0.15,-0.7,0.11,0.57
23.306,1,0.887,-0.15,-0.05,-0.43,323.66,-12.73,-13.78,0.26,-0.27,-0,4.09,-0.15,-0.46,-20.9,0.17,0.13,1.04
23.307,4,-0.394,0.42,0.14,-0.8,128.01,34.45,-42.77,-0,-0.11,-0.02,3.94,-2.59,-23.8,14.95,-0.45,-0.57,0.6
23.311,7,0.059,0.15,-0.28,-0.95,205.58,13.96,34.57,-0.27,-0.1,-0.59,4.09,21.36,37.54,-72.48,0.14,0.13,0.46
23.313,6,0.299,-0.01,-0,0.95,159.2,0.61,-0.25,-0.15,0.15,0.03,3.96,13.43,-66.07,3.36,0.06,0.18,1.02
23.316,0,0.986,0.07,0.15,0.03,18.76,16.71,9.04,-0.11,-0.06,0,4.09,-12.05,10.68,15.41,-0.39,0.24,0.91
23.318,3,0.968,0.22,-0.04,-0.1,1.39,-2.21,26.38,-0.07,-0.02,-0.09,4.09,0.31,-1.07,38.45,-0.04,0.46,0.81
23.321,2,-0.826,0.23,0.13,-0.5,75.67,0.91,-31.13,0.07,0.03,0.06,4.09,-1.98,-7.17,22.74,-0.02,-0.6,0.89
23.323,4,-0.382,0.41,0.15,-0.82,130.77,33.45,-41.7,0,-0.04,-0.06,3.93,-3.81,-10.38,3.97,-0.48,-0.61,0.62
23.385,1,0.883,-0.15,-0.04,-0.44,322.39,-11.88,-13.91,0.36,-0.22,0,4.09,-17.24,14.34,-23.65,0.26,0.17,1.04
23.386,5,-0.214,-0.4,0.05,0.89,229.5,43.08,21.1,-0.01,-0.09,-0.16,4.01,-12.51,4.73,14.8,-0.77,0.16,0.55
23.389,7,-0.008,0.15,-0.28,-0.95,198.05,16.54,33.47,0.04,-0.3,-0.35,4.09,3.05,-60.42,-64.39,-0.26,0.08,0.69
23.391,6,0.296,0.05,-0,0.95,159.46,-5.55,1.73,-0.02,0.1,0.04,3.96,25.79,-48.68,10.38,0.06,0.12,1.03
23.394,0,0.985,0.07,0.15,0.03,19.53,17.06,9.46,-0.06,-0.12,0.1,4.09,0,0.15,-2.59,-0.36,0.3,1.01
23.396,3,0.969,0.23,-0.05,-0.08,3.75,-3.9,26.75,-0.06,-0.13,-0.11,4.09,12.51,1.07,5.65,-0.02,0.48,0.73
23.42,2,-0.817,0.24,0.13,-0.51,77.32,1.87,-31.29,0.08,-0.15,0.06,4.09,-3.81,-1.53,-8.09,0.16,-0.56,0.89
23.421,4,-0.37,0.41,0.16,-0.82,132.03,33.15,-42.92,-0,-0.21,-0.09,3.94,-5.49,-1.98,9.31,-0.47,-0.55,0.52
23.503,1,0.883,-0.15,-0.03,-0.44,322.25,-11.06,-14.25,0.07,-0.2,0.29,4.09,10.99,14.19,9.92,0.14,-0.14,1.27
23.505,5,-0.225,-0.4,0.04,0.89,231.02,43.94,20.98,0,-0.03,-0.08,4.01,-3.97,12.97,5.8,-0.64,0.2,0.59
23.508,7,-0.021,0.11,-0.27,-0.96,195.31,12.88,32.18,-0.76,-0.97,-0.43,4.09,-35.55,23.8,83.92,0.65,-0.6,0.98
23.509,6,0.311,0.1,0.01,0.94,157.17,-10.87,4.85,-0.01,0.02,-0.02,3.96,30.82,-72.63,-40.44,0.2,0.06,0.96
23.514,0,0.986,0.08,0.14,0.04,19.47,15.88,9.59,-0.12,0.06,0.16,4.09,-5.8,-0.76,12.82,-0.43,0.13,1.04
23.516,3,0.97,0.23,-0.06,-0.05,6.76,-5.09,27.24,-0.05,-0.19,-0.01,4.09,-11.14,-0.92,50.96,0.01,0.64,0.8
23.52,2,-0.822,0.23,0.13,-0.5,76.71,0.77,-30.98,0.21,-0.02,0.17,4.09,7.02,2.59,-8.24,0.07,-0.72,0.92
23.521,5,-0.232,-0.41,0.04,0.88,232.66,45.12,21.54,-0.05,0.01,-0.02,4.01,2.44,16.17,-0.31,-0.68,0.23,0.67
23.601,1,0.897,-0.14,-0.02,-0.42,325.2,-9.06,-13.55,-0.18,-0.17,-0.01,4.09,41.81,16.48,93.23,-0.07,-0.3,0.97
23.602,4,-0.359,0.41,0.17,-0.82,132.89,33.66,-43.65,0.02,-0.05,-0.01,3.94,-15.41,0.92,-6.41,-0.55,-0.65,0.55
23.606,7,0.072,0.06,-0.25,-0.96,203.63,4.12,29.41,-0.24,0.12,0.16,4.09,-29.14,-62.41,109.86,0.11,0.74,1
23.607,6,0.312,0.16,0.02,0.94,155.95,-17.04,8.13,0.29,-0.08,0.04,3.96,26.25,-46.39,17.55,0.11,-0.03,1.07
23.611,0,0.986,0.07,0.14,0.05,20.88,15.49,9.52,-0.29,0.1,-0.08,4.09,-3.05,1.53,26.25,-0.52,0.08,0.82
23.612,3,0.969,0.24,-0.06,-0.03,9.12,-6.12,27.65,-0.02,-0.04,0.06,4.09,0,16.02,19.99,0.09,0.53,0.92
23.616,2,-0.818,0.23,0.13,-0.51,77.84,1.58,-30.14,-0.13,0.03,-0.15,4.09,8.7,-3.66,18.46,-0.09,-0.25,0.83
23.617,4,-0.354,0.42,0.18,-0.82,133,33.84,-44.71,0.03,-0.04,-0.13,3.94,1.98,-0.61,9.31,-0.5,-0.54,0.5
23.704,1,0.934,-0.11,-0.02,-0.34,334.82,-5.95,-11.5,0.09,-0.28,0.11,4.09,26.09,14.65,114.9,0.02,0.05,1.11
23.705,5,-0.233,-0.42,0.04,0.88,233.37,46.2,22.07,0.08,-0.06,0.1,4.01,1.53,1.98,2.14,-0.86,0.25,0.61
23.71,7,0.126,-0,-0.24,-0.96,208,-3.81,27.49,-0.08,-0.2,-0.02,4.09,-29.45,-46.69,68.51,0.12,0.29,0.97
23.712,6,0.311,0.2,0.03,0.93,154.85,-20.64,11.53,0.39,0.07,0.18,3.96,35.71,-24.57,-30.98,0.07,0.02,1.27
23.716,0,0.985,0.07,0.14,0.06,22.03,15.86,9.48,-0.2,0.04,0.03,4.09,-9,13.28,6.87,-0.46,0.16,0.93
23.717,3,0.97,0.24,-0.06,-0.01,10.89,-5.85,27.45,0.01,-0.04,0.16,4.09,-11.6,14.5,22.74,0.12,0.57,0.99
23.721,2,-0.83,0.22,0.13,-0.5,75.88,0.32,-29.31,0.21,0.05,0.19,4.09,-1.53,1.07,33.72,0.07,-0.72,0.93
23.722,5,-0.236,-0.42,0.04,0.88,233.53,45.42,22.22,0.03,-0.06,0.07,4.01,-2.9,-12.51,2.75,-0.71,0.27,0.64
23.802,1,0.961,-0.1,-0.01,-0.26,344.31,-4.45,-10.72,0.17,-0.22,-0.08,4.09,13.58,-26.25,83.47,0.08,0.09,0.96
23.804,4,-0.351,0.41,0.17,-0.82,134.08,34.18,-43.02,0.02,-0.08,0.07,3.93,16.94,-6.26,-1.68,-0.54,-0.68,0.63
23.807,7,0.184,-0.07,-0.21,-0.96,213.44,-12.05,22.22,-0.06,0.07,-0.04,4.09,-49.9,-55.69,58.29,0.27,0.38,0.84
23.809,6,0.307,0.18,0.06,0.93,155.41,-17.73,13.71,0.56,0.1,-0.15,3.96,14.65,89.72,4.12,-0.09,-0.07,1.01
23.813,0,0.984,0.06,0.16,0.06,21.99,17.57,8.66,-0.15,0,-0.07,4.09,-13.89,13.58,-6.71,-0.43,0.14,0.82
23.814,3,0.973,0.23,-0.04,-0.01,12.13,-4.61,26.48,-0.18,0.05,-0.11,4.09,-3.81,11.9,-4.43,-0.11,0.34,0.83
23.818,2,-0.82,0.22,0.12,-0.51,77.83,1.91,-29.03,0.01,0.02,-0.03,4.09,-0.15,1.22,2.44,-0.03,-0.53,0.85
23.819,5,-0.235,-0.41,0.03,0.88,232.85,45.21,21.02,0.02,-0.11,-0.04,4.01,-10.22,2.9,7.63,-0.78,0.22,0.68
23.906,1,0.972,-0.1,-0.01,-0.21,349.95,-4.04,-10.66,0.24,-0.22,-0.12,4.09,13.28,-5.19,48.83,0.19,0.13,0.9
23.908,4,-0.371,0.41,0.18,-0.81,131.33,32.53,-44.64,0.02,-0.05,0.01,3.93,-10.53,8.7,-22.13,-0.59,-0.65,0.58
23.912,7,0.219,-0.14,-0.17,-0.95,217.1,-19.74,16.4,0.26,-0.23,0.02,4.09,-43.79,-55.54,99.64,0.03,0.2,1.06
23.914,6,0.261,0.1,0.06,0.96,162.7,-9.6,9.87,-0.07,-0.09,0.33,3.96,-76.29,103.15,94.91,0.32,0.19,1.29
23.918,0,0.983,0.05,0.17,0.05,21.44,18.78,6.78,-0.17,0.12,-0.07,4.09,-12.36,7.78,6.71,-0.47,-0.02,0.82
23.919,3,0.974,0.22,-0.05,-0.01,12.09,-5.24,25.74,0.06,-0.01,0.1,4.09,-18.62,-1.07,4.27,0.15,0.51,0.94
23.923,2,-0.817,0.22,0.11,-0.52,78.24,2.63,-29.03,0.14,-0,-0.01,4.09,-3.05,7.93,17.09,0.02,-0.56,0.8
23.925,5,-0.244,-0.42,0.03,0.88,234.27,45.73,21.39,0.09,-0.01,0.01,4.01,-5.34,10.38,23.19,-0.8,0.22,0.55
24.009,1,0.979,-0.09,-0.02,-0.18,353.5,-4.12,-9.98,0.19,-0.13,0.04,4.09,20.14,-2.75,35.4,0.22,0.02,1.05
24.011,4,-0.374,0.41,0.18,-0.81,130.84,32.39,-44.9,-0.01,-0.12,0.05,3.93,2.9,-4.27,11.75,-0.47,-0.52,0.61
24.015,7,0.288,-0.19,-0.14,-0.93,226.45,-25.05,9.33,0.58,0.01,0.02,4.09,-19.07,-8.7,61.49,-0.04,0.53,1.08
24.016,6,0.193,0.01,0.01,0.98,171.84,-0.42,1.48,-0.24,0.19,0.2,3.96,-75.53,117.03,61.8,0.17,0.3,1.17
24.02,0,0.983,0.03,0.17,0.07,22.84,18.82,5.29,-0.12,0.03,0.05,4.09,-16.17,-4.88,24.72,-0.44,0.07,0.95
24.021,3,0.974,0.22,-0.05,-0.02,10.32,-5.4,25.6,0.01,-0.03,-0.07,4.09,1.53,-9.92,-24.57,0.12,0.4,0.78
24.025,2,-0.813,0.23,0.11,-0.52,78.64,3.18,-29.51,0.14,0.01,0.04,4.09,-0.31,-0.15,8.7,0,-0.63,0.85
24.027,4,-0.371,0.41,0.18,-0.81,131.11,32.31,-45.49,0,-0.06,0.04,3.93,-1.68,-4.12,10.83,-0.55,-0.43,0.56
24.108,1,0.986,-0.08,-0.03,-0.15,357.46,-4.24,-8.46,0.25,-0.33,0.02,4.09,-2.14,-18.46,16.33,0.23,0.29,1.15
24.11,5,-0.261,-0.42,0.03,0.87,237.01,45.8,22.36,-0.06,0.13,-0,4.01,-5.65,3.36,-0.61,-0.65,0.4,0.8
24.114,7,0.321,-0.18,-0.12,-0.92,230.9,-23.81,7.06,0.72,-0.33,-0.01,4.09,5.34,35.86,20.9,-0.35,0.37,1.22
24.116,6,0.177,-0.08,-0.02,0.98,173.23,8.86,-4.19,-0.32,-0.11,-0.25,3.96,-62.87,55.69,-21.82,0.19,-0.07,0.81
24.119,0,0.985,0.03,0.15,0.08,24.5,16.46,4.79,-0.03,-0.05,0.23,4.09,-3.51,-30.67,8.7,-0.37,0.17,1.17
24.121,3,0.972,0.22,-0.06,-0.03,8.63,-5.65,26.19,-0.21,0.04,-0.06,4.09,5.95,0.15,9.46,-0.09,0.37,0.86
24.124,2,-0.813,0.23,0.12,-0.52,78.87,2.69,-29.52,0.17,-0.03,0.09,4.09,1.22,-8.7,-21.36,0.06,-0.68,0.96
24.126,4,-0.361,0.42,0.19,-0.81,131.72,32.47,-46.85,0,-0.04,0.06,3.93,-14.04,-5.95,5.34,-0.53,-0.66,0.61
24.207,1,0.982,-0.1,-0.02,-0.15,356.63,-4.36,-11.41,0,-0.63,-0.05,4.09,-49.13,41.2,-72.63,-0.02,0.44,1.06
24.208,5,-0.256,-0.43,0.02,0.87,236.94,47.22,22.57,0.01,-0.06,-0.08,4.01,17.24,23.04,12.05,-0.71,0.21,0.54
24.212,7,0.346,-0.08,-0.1,-0.93,234.07,-12.39,7.48,-0.27,0.45,0.46,4.09,61.8,97.96,52.03,0.77,0.36,1.3
24.214,6,0.142,-0.12,-0.06,0.98,176.58,13.07,-8.85,-0.02,-0.09,-0.37,3.96,-26.55,5.34,92.01,-0.15,-0.24,0.62
24.217,0,0.988,0.03,0.13,0.09,24.94,14.2,4.6,-0.23,-0.03,0.1,4.09,-5.49,2.29,-4.12,-0.49,0.17,1
24.219,3,0.971,0.23,-0.06,-0.02,9.82,-6.07,26.67,0.11,-0.02,-0.01,4.09,-0.61,-7.32,30.98,0.22,0.47,0.87
24.222,2,-0.812,0.22,0.12,-0.53,79.46,2.38,-28.75,-0.07,-0.06,-0.09,4.09,13.89,6.87,18.16,-0.02,-0.36,0.85
24.224,4,-0.352,0.41,0.21,-0.81,132.99,31.9,-47.54,0,0.12,-0.12,3.93,-5.95,-13.28,-3.66,-0.65,-0.56,0.54
24.306,1,0.969,-0.12,-0.02,-0.21,350.08,-4.77,-13.58,0.07,-0.34,-0.06,4.09,-7.63,-9.92,-77.06,0.01,-0.02,0.98
24.308,5,-0.268,-0.44,0.03,0.86,240.14,48.03,25.05,0.06,0.06,0.15,4.01,-13.89,11.9,24.11,-0.82,0.41,0.64
24.312,0,0.986,0.03,0.14,0.09,24.69,15.43,4.37,-0.22,0.04,-0.08,4.09,-0.46,17.7,5.34,-0.45,0.07,0.82
24.314,6,0.108,-0.12,-0.09,0.98,180.3,12.28,-11.74,0.08,0.39,-0.23,3.96,-12.82,-41.35,2.75,-0.49,0.28,0.91
24.318,7,0.292,0.01,-0.15,-0.94,227.89,-3.67,16.53,-0.38,-0.42,0.25,4.09,95.52,88.2,-132.75,0.14,-0.27,1.37
24.319,3,0.971,0.23,-0.07,-0.01,10.93,-7.67,26.51,0.06,0.01,0.17,4.09,-10.83,-13.73,19.07,0.23,0.52,1.03
24.323,2,-0.811,0.21,0.11,-0.53,79.91,2.94,-27.66,0.1,0.02,0.01,4.09,1.83,10.53,30.21,-0.02,-0.52,0.84
24.324,4,-0.35,0.4,0.21,-0.82,134.42,30.35,-46.96,0,-0.12,0.17,3.94,14.04,-19.38,9.92,-0.35,-0.65,0.65
24.388,1,0.956,-0.13,-0.03,-0.26,344.81,-7.31,-14.15,0.1,-0.31,-0.13,4.09,-2.75,-23.19,-43.03,0.11,0.09,0.92
24.39,5,-0.286,-0.44,0.01,0.85,241.47,47.72,23.14,0.06,-0.17,0.05,4.01,-39.52,-24.11,-2.44,-0.83,0.11,0.54
24.393,7,0.233,0.12,-0.18,-0.95,223.52,8.44,24.15,-0.44,-0.26,-0.18,4.09,52.64,92.01,-34.79,0.16,0.01,0.92
24.395,6,0.106,-0.07,-0.09,0.99,181.06,7.27,-10.86,-0.56,-0.24,0.14,3.96,51.57,-88.2,-91.4,0.52,-0.44,1.19
24.4,0,0.985,0.02,0.14,0.09,24.99,16.33,3.99,-0.23,0,-0.13,4.09,-2.75,10.99,1.22,-0.47,0.09,0.78
24.401,3,0.97,0.23,-0.09,-0.01,10.39,-9.2,26.51,-0.14,-0.2,-0.13,4.09,23.35,-12.82,-32.96,-0.05,0.53,0.71
24.423,2,-0.802,0.22,0.1,-0.55,81.46,4.96,-27.35,-0.09,0.02,-0.11,4.09,-2.44,12.51,3.36,-0.12,-0.35,0.81
24.425,4,-0.348,0.39,0.21,-0.83,135.83,29.6,-45.24,0.03,-0.03,0.07,3.94,9.92,-4.73,0.92,-0.44,-0.61,0.61
24.5,1,0.949,-0.14,-0.04,-0.28,342.55,-8.91,-14.3,0.21,-0.28,-0.08,4.09,-6.26,0.15,-34.94,0.2,0.13,0.96
24.502,5,-0.29,-0.42,-0.01,0.86,239.57,46.07,19.33,-0.08,0.03,-0.14,4.01,-8.24,-13.43,-4.88,-0.76,0.2,0.68
24.505,7,0.21,0.18,-0.2,-0.94,223.18,15.13,28.56,-0.19,-0.03,-0.44,4.09,23.96,11.14,-57.22,-0.02,0.2,0.57
24.507,6,0.124,-0.01,-0.07,0.99,179.73,-0.17,-8.49,-0.06,0.12,0.06,3.96,30.67,-66.83,-25.63,0.02,-0.02,1.07
24.51,0,0.984,0.02,0.16,0.09,24.96,17.63,4.21,-0.22,-0.04,-0.02,4.09,6.26,11.9,-5.8,-0.49,0.14,0.86
24.512,3,0.967,0.24,-0.08,-0.03,7.98,-7.68,28.27,-0.04,0.1,-0.06,4.09,-12.36,12.97,15.41,0.1,0.39,0.86
24.516,2,-0.805,0.23,0.09,-0.54,80.45,6.04,-27.61,-0.08,0,-0.02,4.09,-1.53,21.21,-6.41,-0.12,-0.39,0.9
24.517,5,-0.291,-0.41,-0.01,0.86,238.92,45.69,18.01,0.01,-0.03,-0.06,4.01,-7.17,-3.66,7.93,-0.8,0.23,0.67
24.598,1,0.944,-0.14,-0.05,-0.3,340.46,-9.74,-13.96,0.33,-0.23,0.02,4.09,-14.19,1.98,-45.17,0.34,0.12,1.04
24.599,4,-0.343,0.38,0.21,-0.83,137.17,29.09,-44.37,-0.07,0.07,-0.06,3.94,-4.43,-9.16,4.43,-0.46,-0.63,0.72
24.603,7,0.138,0.19,-0.2,-0.95,214.97,18.13,27.23,0.15,-0.05,-0.19,4.09,12.05,-23.04,-44.25,-0.39,0.33,0.63
24.604,6,0.144,0.04,-0.05,0.99,177.66,-5.66,-5.16,0.07,0.05,-0.02,3.96,38.76,-41.2,-24.26,0.02,-0.08,1
24.608,0,0.983,0.03,0.16,0.08,24.05,18.22,5.04,-0.12,-0.05,0.08,4.09,10.99,-9.46,-11.44,-0.44,0.16,0.99
24.609,3,0.966,0.24,-0.08,-0.03,8.24,-7.58,28.62,-0.09,-0.07,-0.09,4.09,19.23,-2.44,-32.2,-0.01,0.47,0.79
24.613,2,-0.81,0.23,0.09,-0.53,78.93,6.03,-28.35,0.11,-0.1,0.14,4.09,-13.89,-1.07,-14.5,-0,-0.58,0.95
24.615,5,-0.293,-0.41,-0.02,0.86,239.15,46.44,17.58,-0.04,0.05,0.11,4.01,1.37,20.29,-9.46,-0.66,0.19,0.65
24.715,1,0.935,-0.15,-0.05,-0.32,337.76,-10.38,-14.73,0.05,-0.13,0.28,4.09,-15.72,-13.58,-28.69,0.19,-0.25,1.4
24.716,4,-0.33,0.38,0.22,-0.84,138.75,29.07,-45.02,0.02,0.02,0.11,3.93,-27.31,-4.27,8.54,-0.43,-0.61,0.64
24.72,7,0.107,0.15,-0.22,-0.96,210.28,13.77,27.92,1.12,0.28,1.62,4.09,54.32,-139.47,-32.81,-1.1,1.22,2.12
24.721,6,0.162,0.08,-0.03,0.98,175.44,-9.68,-1.77,-0.01,0.09,-0.09,3.96,26.09,-45.01,-36.47,0.12,0.04,0.92
24.725,0,0.986,0.04,0.14,0.07,23.35,16,5.86,-0.04,0.04,0.22,4.09,7.32,-14.34,-1.98,-0.43,0.03,1.15
24.726,3,0.962,0.26,-0.08,-0.04,6.9,-7.47,30.29,-0.1,0.01,-0.08,4.09,1.53,4.27,26.4,0.05,0.48,0.82
24.73,2,-0.82,0.23,0.1,-0.51,76.9,4.25,-29.15,0.21,-0.12,0.1,4.09,0.92,-2.59,-46.84,0.11,-0.7,0.91
24.732,4,-0.313,0.39,0.24,-0.83,139.24,29.69,-48.3,0.05,-0.02,-0,3.93,-26.55,2.9,3.05,-0.52,-0.71,0.55
24.813,1,0.937,-0.14,-0.05,-0.32,338.18,-10.55,-14.14,-0.27,-0.19,-0.02,4.09,17.85,4.73,46.84,-0.16,-0.3,1.09
24.815,5,-0.288,-0.44,-0.02,0.85,240.15,49.32,18.87,0.08,0,-0.07,4.01,9.31,30.06,6.26,-0.75,0.23,0.5
24.819,7,0.142,0.13,-0.21,-0.96,213.51,10.84,26.97,-0.57,0.38,0.71,4.09,-18.92,-66.83,131.84,0.31,0.78,1.56
24.82,6,0.188,0.12,-0.01,0.97,171.98,-14.13,1.7,0.1,-0.05,0.02,3.96,33.26,-46.69,-31.28,0.17,-0.01,1.04
24.823,0,0.988,0.04,0.13,0.07,22.38,14.89,5.32,-0.29,0.09,0.02,4.09,2.9,-11.6,1.22,-0.55,0.03,0.93
24.825,3,0.962,0.26,-0.08,-0.04,7.48,-7.92,30.69,0.03,-0.03,0.09,4.09,2.59,-9.46,7.32,0.17,0.58,0.92
24.83,2,-0.83,0.23,0.1,-0.5,75.01,3.31,-29.15,0.08,0.2,-0.06,4.09,-1.53,-2.29,12.51,-0.19,-0.58,0.74
24.831,5,-0.304,-0.45,-0.01,0.84,244.75,49.93,22.96,-0.03,-0.07,-0.03,4.01,5.65,5.19,59.05,-0.78,0.2,0.62
24.917,1,0.954,-0.13,-0.04,-0.27,343.4,-8.03,-12.8,0.14,-0.23,-0.01,4.09,30.52,11.6,91.55,0.04,0.04,1.06
24.919,4,-0.31,0.4,0.25,-0.82,138.46,30.24,-50.28,0.04,-0.05,0,3.94,-0.15,14.34,-16.94,-0.52,-0.81,0.55
24.922,0,0.989,0.04,0.13,0.06,22.15,14.73,5.36,-0.23,0.13,-0.01,4.09,-1.68,5.8,1.83,-0.48,0.01,0.91
24.924,6,0.221,0.18,0.02,0.96,166.91,-19.29,7.27,0.43,0.05,0.16,3.96,45.62,-45.32,-45.93,0.01,-0,1.26
24.927,7,0.188,0.07,-0.21,-0.96,216.97,3.15,25.78,-0.21,-0.07,-0.05,4.09,-26.55,-68.51,49.9,0.04,0.34,0.96
24.929,3,0.963,0.25,-0.09,-0.02,8.76,-9.44,29.9,0.1,-0.07,0.09,4.09,-18.01,0.76,29.3,0.27,0.58,0.9
24.933,2,-0.824,0.24,0.1,-0.5,75.79,4.08,-29.83,-0.03,0.03,-0.08,4.09,2.75,-7.02,-12.05,-0.12,-0.47,0.8
24.934,4,-0.31,0.41,0.24,-0.82,138.01,31.61,-49.55,-0.01,0.02,0.01,3.94,27.16,1.22,9.92,-0.51,-0.61,0.56
25.02,1,0.972,-0.11,-0.03,-0.21,350.48,-5.41,-11.31,0.06,-0.18,-0.1,4.09,1.07,-1.07,52.49,0.07,0.01,0.9
25.022,5,-0.325,-0.45,0,0.83,249.13,48.74,26.9,-0.01,0.09,-0.04,4.01,0.92,-10.68,5.19,-0.71,0.34,0.64
25.025,7,0.208,-0,-0.19,-0.96,217.59,-5.21,21.89,0.12,-0.14,-0.03,4.09,-36.62,-70.65,11.14,-0.08,0.28,0.94
25.027,6,0.238,0.18,0.04,0.95,164.29,-18.64,10.23,0.61,0.1,-0.09,3.96,15.87,82.55,-28.69,-0.22,-0.05,1.07
25.031,0,0.988,0.04,0.14,0.05,21.13,15.91,5.13,-0.21,-0,-0.09,4.09,2.75,10.22,-21.36,-0.44,0.08,0.82
25.033,3,0.968,0.24,-0.09,-0.01,10.72,-9.74,27.59,-0.06,0.03,0.02,4.09,-7.02,11.6,-12.05,0.1,0.39,0.92
25.037,2,-0.824,0.24,0.1,-0.5,75.76,4.13,-29.88,0.03,0.05,-0.05,4.09,-6.41,-2.44,26.09,-0.11,-0.49,0.77
25.038,4,-0.312,0.4,0.22,-0.84,139.19,32.08,-45.9,-0.04,0,-0.01,3.93,20.29,-14.8,-0.15,-0.49,-0.59,0.58
25.119,1,0.977,-0.11,-0.03,-0.18,353.61,-5.55,-11.61,0.1,-0.21,-0.06,4.09,4.12,-3.2,25.63,0.12,0.04,0.96
25.12,5,-0.301,-0.44,-0,0.85,243.88,48.37,23.5,-0.08,0.04,0.02,4.01,-3.66,-20.75,-41.81,-0.64,0.26,0.64
25.124,7,0.211,-0.06,-0.17,-0.96,217.14,-10.97,17.91,0.02,-0.13,-0.06,4.09,-43.79,-49.44,43.03,0.11,0.16,0.93
25.125,6,0.252,0.1,0.05,0.96,163.96,-9.68,8.66,-0.07,-0.03,0.22,3.96,-60.88,85.3,38.6,0.29,0.2,1.17
25.129,0,0.988,0.03,0.15,0.03,18.66,16.82,4.58,-0.18,0.18,-0.08,4.09,0.46,6.56,-18.01,-0.45,-0.1,0.83
25.13,3,0.969,0.23,-0.09,-0.02,9.14,-9.11,27.06,-0.06,0.06,0.02,4.09,-7.32,-0.31,-23.65,0.12,0.41,0.91
25.134,2,-0.818,0.24,0.1,-0.51,76.9,4.3,-30.2,0.02,0.08,-0.13,4.09,-4.27,-7.17,-2.75,-0.13,-0.51,0.71
25.135,5,-0.28,-0.42,-0.02,0.86,238.14,47.59,18.23,0.11,0.18,-0.02,4.01,-26.25,-22.74,-39.52,-0.71,0.3,0.6
25.218,1,0.98,-0.11,-0.03,-0.16,355.7,-5.37,-11.52,0.18,-0.03,-0.03,4.09,7.17,1.22,20.29,0.25,-0.1,0.95
25.22,4,-0.312,0.39,0.2,-0.84,140.29,32.47,-43.07,0.01,0.16,-0.12,3.93,12.66,-0.15,-1.07,-0.66,-0.54,0.66
25.223,7,0.263,-0.12,-0.14,-0.95,223.26,-17.68,11.67,0.23,-0.01,0.08,4.09,-48.07,-51.57,77.97,0.1,0.36,1.06
25.225,6,0.208,0.01,0.01,0.98,170.01,-1.4,1.24,-0.25,0.21,0.12,3.96,-74.62,110.47,50.81,0.21,0.38,1.07
25.229,0,0.988,0.02,0.15,0.03,17.75,17.21,3.42,-0.14,0.12,0.01,4.09,-8.7,-1.22,7.63,-0.45,-0.06,0.93
25.232,3,0.968,0.23,-0.08,-0.06,5.59,-7.75,27.47,0,0.11,-0.12,4.09,-5.49,-7.63,-34.18,0.13,0.31,0.82
25.237,2,-0.816,0.25,0.11,-0.51,77.04,4.2,-31.17,0.11,0.02,0.07,4.09,-1.37,-0.61,6.1,-0.07,-0.64,0.86
25.239,4,-0.312,0.39,0.18,-0.85,140.48,33.47,-41.59,-0.05,0.07,-0.12,3.93,6.56,7.63,3.2,-0.46,-0.57,0.73
25.315,1,0.985,-0.09,-0.03,-0.14,358.33,-5.07,-10.2,0.32,-0.16,-0,4.09,23.5,-1.07,28.38,0.34,0.11,1.01
25.317,5,-0.259,-0.41,-0.04,0.87,232.53,47.21,12.61,0,0.01,-0.05,4.01,-0.31,-11.29,-26.86,-0.79,0.09,0.74
25.321,7,0.296,-0.16,-0.11,-0.94,227.89,-21.28,6.97,0.54,-0.05,-0.02,4.09,-21.67,-12.51,48.52,-0.1,0.37,1.06
25.322,6,0.19,-0.07,-0.02,0.98,171.79,7.82,-4.46,-0.39,0.2,-0.31,3.96,-51.88,62.71,-28.84,0.18,0.2,0.73
25.325,0,0.989,0.02,0.14,0.04,19.47,16.31,2.53,-0.04,0.07,0.15,4.09,-6.26,-16.94,22.58,-0.39,0.01,1.13
25.327,3,0.965,0.24,-0.08,-0.08,3.24,-7.04,28.26,-0.28,0.08,0.02,4.09,17.09,5.65,-9.46,-0.14,0.37,1
25.331,2,-0.819,0.24,0.11,-0.51,76.69,3.89,-30.33,0.12,0.07,0.07,4.09,16.48,2.29,-47.15,-0.06,-0.68,0.86
25.333,5,-0.247,-0.41,-0.03,0.88,231.36,47.49,13.31,0.02,-0.06,0.01,4.01,14.65,13.89,-12.82,-0.81,0.14,0.67
25.429,1,0.985,-0.1,-0.03,-0.14,358.77,-4.98,-10.6,-0.04,-0.59,0.1,4.09,-29.14,23.8,-43.03,-0.14,0.33,1.19
25.431,4,-0.309,0.4,0.17,-0.84,140.29,34.95,-41.43,-0.02,-0.01,-0.13,3.93,-8.54,8.85,11.29,-0.5,-0.46,0.55
25.435,0,0.991,0.02,0.12,0.05,20.63,14.14,2.97,-0.24,-0.09,0.04,4.09,4.73,-14.65,4.58,-0.5,0.16,0.92
25.437,6,0.198,-0.12,-0.06,0.97,170.11,11.64,-9.22,-0.05,-0.01,-0.35,3.96,-25.33,14.04,62.56,-0.1,-0.12,0.66
25.44,2,-0.83,0.23,0.11,-0.5,75.34,2.06,-29.45,0.13,-0.07,0.06,4.09,8.7,-11.14,-2.44,0.07,-0.59,0.88
25.441,3,0.964,0.25,-0.07,-0.08,3.62,-5.76,29.19,-0.04,0.13,-0.05,4.09,7.63,-2.29,9.16,0.08,0.35,0.93
25.445,7,0.302,-0.14,-0.09,-0.94,228.85,-18.38,5.59,0.59,-0.23,0.09,4.09,-2.75,127.11,-34.33,-0.06,0.25,1.12
25.447,5,-0.238,-0.43,-0.02,0.87,231.25,49.15,14.37,0.08,-0.02,0.22,4.01,6.41,16.17,10.68,-0.92,0.25,0.7
25.527,1,0.974,-0.12,-0.02,-0.19,352.48,-4.31,-13.11,0.09,-0.34,-0.06,4.09,-20.75,10.53,-96.44,0.02,0.09,1.02
25.529,4,-0.302,0.41,0.18,-0.84,140.14,35.68,-42.83,-0.04,0.12,-0.13,3.93,-22.74,6.1,-11.6,-0.61,-0.49,0.61
25.533,0,0.991,0.02,0.12,0.05,20.36,14.05,3.45,-0.3,0.03,-0.05,4.09,5.8,11.44,2.9,-0.53,0.07,0.84
25.535,6,0.143,-0.12,-0.08,0.98,176.32,11.85,-10.88,0.25,0.14,0.07,3.96,-38.15,-21.51,12.82,-0.54,-0.13,1
25.538,7,0.299,-0.05,-0.1,-0.95,228.3,-9.29,8.95,0.03,0.07,0.21,4.09,82.09,55.54,-108.34,0.15,0.24,1.03
25.54,3,0.964,0.25,-0.07,-0.06,5.72,-6.62,29.54,0.02,0,0.12,4.09,12.51,-1.83,23.8,0.16,0.55,0.97
25.543,2,-0.82,0.22,0.12,-0.51,77.65,2.18,-29,-0.09,0.03,-0.09,4.09,7.63,-10.07,16.48,-0.1,-0.39,0.84
25.545,5,-0.252,-0.43,-0.02,0.87,233.56,48.55,15.83,0.05,0.08,-0.04,4.01,-14.34,-11.29,12.21,-0.82,0.25,0.61
25.609,1,0.962,-0.13,-0.02,-0.24,346.4,-5.3,-13.52,0.07,-0.27,-0.11,4.09,-6.1,-11.29,-64.24,-0.01,0.02,0.94
25.611,4,-0.299,0.42,0.2,-0.83,139.46,35.23,-45.39,-0.02,0.02,-0.07,3.93,2.29,-10.53,-4.12,-0.61,-0.54,0.58
25.615,7,0.209,0.04,-0.17,-0.96,218.55,0.18,19.92,-0.29,-0.28,-0.02,4.09,83.01,89.26,-75.38,0.15,-0.02,1.05
25.617,6,0.124,-0.11,-0.09,0.98,178.59,10.62,-11.99,-0.63,1.3,-0.51,3.96,23.19,-77.67,-31.13,0.03,1.13,0.89
25.62,0,0.989,0.03,0.14,0.05,20.67,15.62,4.13,-0.29,0.03,-0.11,4.09,5.34,11.44,8.24,-0.51,0.06,0.78
25.622,3,0.963,0.26,-0.08,-0.04,7.41,-7.19,30.2,0.09,-0.1,0.16,4.09,-9.31,16.78,27.01,0.19,0.67,0.93
25.625,2,-0.811,0.22,0.12,-0.53,79.56,2.34,-28.91,-0.1,-0.01,-0.07,4.09,-2.59,-6.26,13.28,-0.06,-0.39,0.83
25.627,5,-0.27,-0.4,-0.02,0.87,234.63,45.84,14.68,-0,0.06,0.06,4.01,-27.47,-41.05,-14.5,-0.54,0.09,0.71
25.728,1,0.952,-0.13,-0.03,-0.28,342.71,-7.51,-13.87,0.06,-0.29,-0.06,4.09,-8.24,-14.8,-39.37,0.04,0.05,0.97
25.73,4,-0.303,0.4,0.19,-0.84,140.88,33.83,-43,-0.08,-0.04,0.08,3.93,24.57,-18.77,9.61,-0.49,-0.69,0.79
25.735,7,0.189,0.13,-0.22,-0.95,218.75,9.07,27.58,-0.33,0.04,-0.13,4.09,69.27,76.6,-36.01,0.18,0.32,0.84
25.736,6,0.168,-0.03,-0.08,0.98,174.47,2.19,-9.58,-0.24,-0.07,-0.08,3.96,19.07,-67.75,4.58,0.21,-0.09,0.92
25.74,0,0.986,0.04,0.15,0.05,20.88,17.22,5.29,-0.19,-0.08,-0.07,4.09,10.99,10.99,-10.53,-0.45,0.17,0.82
25.741,3,0.961,0.26,-0.07,-0.05,6.91,-6.18,31.12,-0.25,0.04,-0.03,4.09,20.45,13.43,-43.03,-0.14,0.4,0.92
25.745,2,-0.803,0.22,0.12,-0.54,81.12,2.61,-29.15,-0.2,-0.01,-0.09,4.09,-5.8,1.37,4.27,-0.08,-0.27,0.83
25.749,4,-0.302,0.38,0.18,-0.85,142.7,33.24,-39.95,-0.01,-0.07,0.07,3.93,10.99,-11.6,16.94,-0.55,-0.59,0.73
25.826,1,0.946,-0.13,-0.04,-0.29,340.63,-8.9,-13.28,0.21,-0.29,-0.06,4.09,-8.09,0.76,-37.08,0.17,0.14,0.97
25.828,5,-0.279,-0.38,-0.03,0.88,234.64,43.45,13.46,-0.04,0.11,0.06,4.01,-14.95,-9.16,-1.53,-0.63,0.08,0.64
25.832,7,0.145,0.17,-0.24,-0.94,215.69,14.67,31.57,-0.07,0.03,-0.38,4.09,29.91,-21.06,-70.19,-0.13,0.35,0.53
25.834,6,0.187,0.03,-0.06,0.98,172.72,-5.01,-6.57,-0.04,-0.02,0.03,3.96,35.4,-67.6,-36.93,0.1,-0.11,1.04
25.837,0,0.985,0.05,0.16,0.04,19.42,18.66,6.44,-0.18,0.04,-0.01,4.09,13.73,9.92,-16.94,-0.5,0.07,0.87
25.839,3,0.96,0.27,-0.05,-0.06,6.07,-4.3,31.47,-0.15,0.12,-0.12,4.09,-18.31,3.97,34.48,-0.04,0.38,0.79
25.842,2,-0.813,0.22,0.13,-0.52,79.32,1.42,-29.26,0.21,0.01,0.15,4.09,-7.63,-7.93,-10.53,0.08,-0.74,0.92
25.844,4,-0.294,0.38,0.18,-0.86,144.2,32.92,-39.49,-0.01,-0.03,0.02,3.93,-15.72,-3.81,7.32,-0.46,-0.51,0.62
25.925,1,0.936,-0.13,-0.04,-0.32,337.16,-9.57,-13.02,0.31,-0.06,0.12,4.09,-14.19,-3.2,-36.16,0.4,-0.02,1.12
25.926,5,-0.287,-0.37,-0.03,0.88,234.96,42.66,12.26,-0.02,-0.06,0.03,4.01,-11.9,-4.43,-0.15,-0.7,0.09,0.73
25.93,7,0.075,0.16,-0.26,-0.95,207.58,15.34,32.45,0.16,-0.24,0,4.09,13.73,-23.96,-51.42,-0.42,0.3,0.86
25.932,6,0.196,0.08,-0.04,0.98,171.56,-9.94,-3.03,0.01,0.11,-0.02,3.96,30.98,-34.94,-6.26,0.09,0.11,0.98
25.935,0,0.985,0.05,0.16,0.02,17.81,18.74,6.96,0.02,-0.04,0.12,4.09,4.58,-10.38,-2.75,-0.34,0.17,1.06
25.937,3,0.961,0.27,-0.06,-0.04,7.26,-5.81,31.22,-0.16,-0.1,0.01,4.09,14.95,8.09,-14.8,-0.04,0.55,0.79
25.941,2,-0.807,0.22,0.13,-0.53,80.5,1.1,-29.95,0.16,-0.08,0.09,4.09,-6.41,-9,11.14,0.12,-0.64,0.9
25.942,5,-0.294,-0.38,-0.03,0.88,236.36,43.2,13.11,-0.03,-0.08,-0.02,4.01,14.04,16.17,15.72,-0.72,0.08,0.7
26.023,1,0.928,-0.14,-0.03,-0.34,334.65,-9,-13.98,0.11,-0.17,-0.04,4.09,-19.68,8.7,5.49,-0.06,-0.14,1.02
26.025,4,-0.283,0.39,0.2,-0.85,143.92,33.45,-42.68,-0.01,-0.07,0.05,3.93,-47.3,20.9,1.83,-0.48,-0.62,0.62
26.028,0,0.988,0.05,0.14,0.02,17.88,16.42,6.71,-0.07,0.01,0.33,4.09,-9.61,-28.23,18.31,-0.52,0.08,1.23
26.031,6,0.233,0.12,-0.02,0.96,166.76,-13.91,1.05,0.12,-0,-0.02,3.96,17.09,-24.41,-49.9,0.17,-0.05,0.98
26.035,2,-0.807,0.22,0.14,-0.53,80.66,0.15,-30.27,0.17,-0.05,0.08,4.09,5.04,-7.48,-13.73,0.1,-0.68,0.85
26.036,3,0.956,0.28,-0.05,-0.05,7.07,-3.97,33.23,-0.12,0.06,0,4.09,17.7,18.62,2.9,-0.05,0.5,0.89
26.04,7,0.053,0.13,-0.26,-0.95,204.07,12.79,31.83,-0.39,0.06,-0.15,4.09,20.75,-163.88,78.74,-0.23,0.93,1.25
26.042,4,-0.272,0.41,0.22,-0.84,142.69,34.83,-46.8,0.01,0.08,-0.15,3.93,-16.63,8.24,4.73,-0.6,-0.46,0.51
26.126,1,0.938,-0.13,-0.02,-0.32,337.03,-6.73,-13.32,-0.13,-0.01,-0.19,4.09,16.63,13.89,78.43,-0.03,-0.27,0.83
26.127,5,-0.302,-0.4,-0.02,0.87,239.44,44.52,16.89,0.08,0.07,0.03,4.01,18.31,14.5,12.36,-0.65,0.33,0.62
26.132,7,0.123,0.08,-0.25,-0.96,210.02,5.05,29.69,-0.48,0.97,-0.36,4.09,-18.62,-145.87,161.74,0.35,1.48,0.78
26.133,6,0.256,0.14,-0,0.96,163.51,-15.8,4.08,0.05,0.11,0.09,3.96,29.45,-29.45,-25.63,0.19,0.16,1.07
26.137,0,0.989,0.05,0.13,0.04,19.54,15.15,6.18,-0.26,-0.07,-0.04,4.09,-7.78,-7.48,12.66,-0.52,0.16,0.87
26.138,3,0.954,0.3,-0.05,-0.04,8.59,-3.92,34.62,0.02,0.1,0.01,4.09,1.22,-5.65,38.6,0.1,0.5,0.9
26.163,2,-0.804,0.22,0.14,-0.54,81.33,0.57,-29.63,-0.09,-0.02,-0.18,4.09,9.61,-0.92,20.75,-0.02,-0.33,0.78
26.165,4,-0.272,0.42,0.23,-0.84,141.89,35.09,-48.09,-0,-0.25,0,3.93,2.9,-9.92,12.97,-0.41,-0.47,0.35
26.22,1,0.961,-0.11,-0,-0.25,344.95,-3.48,-12.39,0.13,-0.24,-0.09,4.09,18.31,7.63,103.91,0.05,0.07,0.95
26.222,5,-0.3,-0.41,-0.01,0.86,240.47,45.66,18.97,0.08,-0.13,0.25,4.01,12.21,17.7,8.7,-0.75,0.26,0.69
26.225,7,0.161,0,-0.25,-0.96,212.16,-3.98,28.15,-0.19,-0.09,-0.01,4.09,-47.76,-51.12,80.26,0.22,0.34,0.93
26.227,6,0.272,0.19,0.02,0.94,160.43,-19.77,8.68,0.48,0.19,-0.01,3.96,35.25,-36.77,-7.78,-0.15,0.06,1.1
26.23,0,0.989,0.04,0.13,0.05,21.1,15.06,5.81,-0.23,0.07,-0.02,4.09,-15.11,7.48,14.95,-0.48,0.08,0.88
26.232,3,0.96,0.27,-0.06,0.01,13.28,-6.61,31.91,0.09,-0.11,0.16,4.09,-34.18,5.8,59.36,0.22,0.69,0.92
26.236,2,-0.804,0.21,0.14,-0.54,81.72,0.07,-29.14,0.13,0.09,0.11,4.09,1.68,-6.87,20.14,-0.04,-0.67,0.87
26.238,4,-0.275,0.41,0.22,-0.84,142.87,34.69,-45.87,-0.09,-0.02,0.09,3.93,19.07,-22.28,1.53,-0.5,-0.56,0.65
26.319,1,0.976,-0.11,0,-0.19,352.41,-2.26,-12.16,0.06,-0.21,-0.15,4.09,-0.61,-6.26,68.21,0,0.04,0.85
26.321,5,-0.312,-0.41,0,0.86,243.09,45.04,21.5,0.08,0.05,0.04,4.01,-6.26,-8.54,13.43,-0.73,0.34,0.66
26.324,0,0.987,0.03,0.14,0.06,22.03,16.36,4.66,-0.2,0.05,-0.12,4.09,-13.43,14.65,8.54,-0.45,0.04,0.79
26.326,6,0.282,0.18,0.04,0.94,158.83,-18.88,11.08,0.39,0.3,-0.04,3.96,3.66,77.82,3.66,-0.1,0.16,1.06
26.329,2,-0.785,0.22,0.13,-0.57,85.08,1.92,-29.3,-0.09,0.01,-0.17,4.09,-6.71,0.92,32.5,-0.08,-0.32,0.76
26.331,3,0.965,0.25,-0.05,0.04,17.06,-7.28,29.36,-0.06,-0.33,0.02,4.09,9.31,2.75,-3.36,0.02,0.78,0.75
26.335,7,0.202,-0.06,-0.21,-0.95,215.61,-11.65,23.1,0.1,-0.02,0.04,4.09,-54.02,-52.95,54.78,0.11,0.41,0.94
26.337,4,-0.275,0.4,0.21,-0.85,144.17,33.78,-44.15,-0.03,-0.03,-0.11,3.93,8.24,-9.31,10.22,-0.55,-0.63,0.62
26.438,1,0.984,-0.1,-0.01,-0.14,357.69,-2.26,-11.55,0.1,-0.16,-0.12,4.09,16.78,-10.38,50.05,0.13,-0,0.87
26.439,5,-0.325,-0.4,-0,0.86,244.19,43.67,20.97,-0.02,0.13,0,4.01,-17.85,-11.6,10.53,-0.71,0.35,0.69
26.443,7,0.241,-0.12,-0.18,-0.95,219.85,-18.64,16.65,0.03,-0.13,-0.07,4.09,-48.07,-45.78,88.96,0.23,0.16,0.91
26.444,6,0.277,0.11,0.04,0.95,160.75,-11.12,8.74,-0.05,0.17,0.27,3.96,-55.69,98.57,68.82,0.19,0.39,1.23
26.447,0,0.985,0.02,0.15,0.07,23.04,17.61,3.42,-0.22,0.08,-0.13,4.09,-15.56,10.68,6.41,-0.47,0.01,0.78
26.45,3,0.963,0.27,-0.04,0,13.33,-4.68,30.9,0,0.29,-0.11,4.09,-11.14,0.15,5.49,0.06,0.25,0.86
26.454,2,-0.773,0.22,0.13,-0.58,86.94,3.05,-29.72,0.03,0.04,-0.06,4.09,-13.89,-4.12,13.12,-0.08,-0.5,0.79
26.456,4,-0.266,0.38,0.2,-0.86,146.79,33.73,-41.03,0.04,0.09,0.02,3.93,13.28,-18.77,9,-0.51,-0.58,0.66
26.52,1,0.989,-0.09,-0.01,-0.11,1.43,-2.33,-10.6,0.26,-0.11,0.04,4.09,23.96,-14.04,53.56,0.3,-0.02,1.07
26.521,5,-0.336,-0.39,-0.01,0.86,244.53,42.66,19.52,0.03,-0.02,0.06,4.01,-11.9,2.75,4.88,-0.71,0.28,0.74
26.524,7,0.299,-0.18,-0.14,-0.93,227.68,-24.62,9.8,0.43,-0.02,0.07,4.09,-24.41,-15.26,79.65,0.16,0.36,1.09
26.526,6,0.228,0.01,0.01,0.97,167.69,-1.14,1.44,-0.34,0.28,-0.05,3.96,-47.45,104.52,0.15,0.18,0.35,0.93
26.529,0,0.984,0,0.16,0.08,24.06,18.23,1.98,-0.08,0.1,0.13,4.09,-17.09,2.75,15.72,-0.45,-0.04,1.06
26.53,3,0.966,0.25,-0.05,0.01,13.9,-5.32,29.53,-0.06,0.04,-0.03,4.09,-0.46,-1.53,-19.38,0.03,0.44,0.86
26.535,2,-0.762,0.23,0.14,-0.59,88.57,3.33,-30.93,0.1,0.08,0.06,4.09,-5.8,-7.93,14.8,-0.12,-0.65,0.86
26.536,4,-0.257,0.37,0.2,-0.87,148.69,33.4,-39.72,-0.06,0.08,-0.11,3.93,-16.63,-6.1,8.54,-0.55,-0.42,0.64
26.638,1,0.994,-0.08,-0.02,-0.07,5.89,-2.42,-8.88,0.44,-0.18,0.06,4.09,21.97,1.68,41.5,0.43,0.09,1.02
26.64,5,-0.339,-0.39,-0.02,0.85,244.98,43.18,19.07,-0,-0.06,-0.13,4.01,-4.73,10.07,-1.37,-0.67,0.15,0.61
26.643,7,0.352,-0.2,-0.12,-0.91,235.34,-25.91,4.67,0.38,-0.15,-0.02,4.09,-23.35,7.32,57.53,0.03,0.29,1.01
26.645,6,0.234,-0.06,-0.02,0.97,166.73,6.53,-3.75,-0.22,-0.22,-0.27,3.96,-62.71,49.13,13.12,0.2,-0.16,0.75
26.648,0,0.983,-0.01,0.15,0.1,26.22,17.38,1.15,0.01,0.06,0.06,4.09,-9,-17.09,30.21,-0.33,-0.03,0.99
26.65,3,0.966,0.26,-0.04,0.01,13.62,-4.85,29.77,-0.14,0.07,-0.12,4.09,12.51,2.9,15.72,-0.07,0.37,0.82
26.654,2,-0.756,0.22,0.15,-0.6,89.98,2.49,-31.02,0.17,0.02,0.09,4.09,3.97,-22.58,0.76,-0.02,-0.7,0.84
26.655,4,-0.247,0.38,0.21,-0.87,148.97,33.82,-41.79,-0.05,-0.06,0.04,3.93,-30.21,2.59,1.07,-0.51,-0.63,0.64
26.737,1,0.995,-0.08,-0.02,-0.06,7.43,-2.29,-9.22,-0.12,-0.4,0.1,4.09,-37.69,9.46,-19.68,-0.22,0.28,1.1
26.739,6,0.175,-0.1,-0.05,0.98,173,10.63,-8.04,0.08,0.05,-0.16,3.96,-31.13,21.67,103.45,-0.28,-0.1,0.85
26.742,7,0.361,-0.14,-0.09,-0.92,236.28,-18.93,4.34,0.5,-0.59,-0.04,4.09,11.14,168,-14.5,-0.07,-0.11,1.16
26.744,3,0.963,0.26,-0.05,0.03,16.29,-6.17,30.3,0.04,0.11,0.05,4.09,7.02,-4.43,48.98,0.16,0.44,0.99
26.747,0,0.983,-0.01,0.14,0.12,28.28,15.61,0.87,-0.25,-0.17,-0.04,4.09,-2.44,-9.31,0.61,-0.51,0.19,0.86
26.749,5,-0.342,-0.41,-0.02,0.85,246.59,44.81,20.36,0.08,-0.14,0.08,4.01,8.85,30.21,17.7,-0.82,0.35,0.69
26.753,2,-0.752,0.21,0.16,-0.6,91.49,0.54,-30.42,0.08,-0.12,-0.04,4.09,3.36,-18.77,19.07,0.12,-0.51,0.81
26.755,4,-0.233,0.38,0.23,-0.86,149.77,33.78,-44.05,0,-0.08,-0.02,3.93,-17.4,-11.75,2.59,-0.48,-0.5,0.49
26.836,1,0.986,-0.11,-0,-0.12,0.28,-1.69,-12.63,0.09,-0.44,0.02,4.09,-32.5,10.07,-128.94,-0.01,0.2,1.09
26.837,5,-0.35,-0.43,-0.02,0.83,249.45,46.77,22.35,0.03,-0.08,-0.08,4.01,-12.51,16.48,18.92,-0.75,0.31,0.58
26.841,7,0.356,-0.05,-0.1,-0.93,235.34,-9.09,9.14,0.11,0.25,0.25,4.09,103.91,66.07,-138.09,0.29,0.44,1.17
26.842,6,0.128,-0.11,-0.08,0.98,178.02,11.71,-10.88,0.03,0.19,-0.12,3.96,-32.2,-6.41,33.42,-0.34,0.02,0.87
26.846,0,0.983,-0.01,0.14,0.12,27.62,16.42,0.66,-0.27,-0.04,0.02,4.09,1.22,23.04,-6.71,-0.53,0.11,0.9
26.847,3,0.96,0.27,-0.06,0.06,19.09,-8.04,30.83,0.06,0.02,0.2,4.09,1.68,-5.19,12.97,0.22,0.57,1.01
26.852,2,-0.735,0.2,0.16,-0.63,94.83,0.51,-29.88,0.1,-0,-0.03,4.09,3.66,-12.97,33.72,0.02,-0.59,0.78
26.853,4,-0.222,0.37,0.24,-0.87,151.84,32.69,-43.91,0.03,0.03,0.06,3.93,-1.83,-29.6,0.61,-0.49,-0.47,0.58
26.935,1,0.975,-0.12,-0,-0.19,352.87,-3.08,-13.36,0.14,-0.14,-0.2,4.09,-14.8,-14.95,-98.57,0.12,0,0.8
26.936,5,-0.378,-0.42,-0.04,0.82,252.82,46.79,21.55,0.1,0.05,-0.07,4.01,-54.47,-2.14,27.16,-0.81,0.31,0.52
26.94,7,0.251,0.06,-0.17,-0.95,223.89,1.48,21.15,-0.46,-0.23,-0.22,4.09,106.35,81.94,-91.55,0.22,-0.1,0.88
26.941,6,0.105,-0.1,-0.09,0.99,180.83,9.72,-12,-0.63,1.26,-0.46,3.96,11.29,-12.82,7.17,0.58,1.59,0.55
26.944,0,0.98,-0.01,0.16,0.11,27.2,18.95,0.6,-0.23,-0.06,-0.13,4.09,5.04,15.72,-11.6,-0.48,0.11,0.75
26.946,3,0.958,0.27,-0.07,0.07,20.29,-9.77,30.89,0.11,-0.08,0.02,4.09,-11.44,-0.31,20.14,0.2,0.63,0.74
26.95,2,-0.705,0.21,0.16,-0.66,99.51,2.52,-30.25,-0.12,0.02,-0.14,4.09,-6.71,-5.19,45.62,-0.04,-0.34,0.76
26.951,4,-0.211,0.35,0.24,-0.88,154.77,31.31,-42.03,-0.02,0.05,-0.01,3.93,6.87,-16.17,14.8,-0.52,-0.74,0.84
27.033,1,0.962,-0.13,-0.02,-0.24,346.8,-5.55,-14.38,0.06,-0.09,-0.01,4.09,-18.46,-0.61,-55.85,0.11,-0.12,0.97
27.035,5,-0.401,-0.4,-0.07,0.82,253.08,45.45,16.71,-0.07,0.04,0.07,4.01,-27.92,-13.12,2.59,-0.7,0.1,0.74
27.039,7,0.204,0.14,-0.23,-0.94,221.19,9.7,30.09,-0.45,-0.09,-0.32,4.09,84.08,40.13,-50.51,0.23,0.07,0.75
27.04,6,0.169,-0.02,-0.08,0.98,174.42,0.56,-9.7,-0.03,-0.27,0.27,3.96,11.6,-63.02,5.49,0.02,-0.23,1.1
27.043,0,0.98,-0.01,0.17,0.1,25.85,19.84,0.95,-0.17,-0.02,-0.11,4.09,16.02,3.81,-16.63,-0.46,0.05,0.78
27.045,3,0.956,0.28,-0.05,0.06,19.1,-7.89,32.59,-0.15,0.11,-0.04,4.09,30.98,23.96,-63.17,0.06,0.32,0.86
27.048,2,-0.692,0.21,0.17,-0.67,101.39,2.92,-31.11,0.01,-0.02,-0.07,4.09,-13.43,-4.58,3.2,-0.03,-0.5,0.79
27.05,4,-0.198,0.34,0.23,-0.89,157.69,30.94,-39.44,-0.06,-0.07,0.07,3.93,7.63,-18.01,30.21,-0.45,-0.58,0.72
27.132,1,0.952,-0.14,-0.02,-0.27,343.19,-6.57,-15.42,0.25,-0.09,-0.08,4.09,-17.24,5.8,-23.65,0.28,-0.08,0.93
27.134,5,-0.417,-0.39,-0.08,0.82,254.26,44.48,15.23,-0.01,0.02,-0.11,4.01,-18.01,-0.61,13.28,-0.78,0.28,0.79
27.137,7,0.136,0.16,-0.26,-0.94,214.57,13.83,33.21,0.09,-0.13,-0.43,4.09,16.63,-52.8,-55.08,-0.32,0.27,0.55
27.139,6,0.207,0.04,-0.07,0.98,170.51,-6.22,-7.06,-0.11,-0.11,-0,3.96,36.93,-61.8,-82.86,0.27,-0.19,0.95
27.142,0,0.981,-0.01,0.17,0.09,24.84,19.77,1.23,-0.15,-0.01,-0.01,4.09,6.41,-12.97,-3.05,-0.46,0.06,0.89
27.144,3,0.957,0.28,-0.04,0.07,20.6,-6.41,32.33,-0.11,-0.04,0.08,4.09,-2.44,17.4,10.38,0.03,0.63,0.89
27.147,2,-0.687,0.22,0.18,-0.67,101.95,2.39,-32.48,0.12,-0.05,0.06,4.09,-14.19,-9,3.66,0.01,-0.68,0.83
27.149,4,-0.179,0.33,0.23,-0.9,160.33,31.18,-38.41,-0.07,-0.11,0.02,3.93,-11.9,-5.49,26.09,-0.48,-0.58,0.68
27.23,1,0.947,-0.16,-0.02,-0.28,342.14,-7.35,-16.81,0.18,-0.02,0.19,4.09,-14.95,-2.75,7.32,0.22,-0.23,1.23
27.232,5,-0.427,-0.38,-0.09,0.82,255.25,43.89,14.76,-0.04,0.08,-0.01,4.01,-2.9,-5.49,18.31,-0.6,0.19,0.73
27.237,7,0.147,0.13,-0.28,-0.94,214.97,9.88,34.71,-0.05,0.01,-0.22,4.09,-3.05,6.1,84.23,0.17,0.51,0.54
27.238,6,0.234,0.11,-0.05,0.97,167.08,-13.23,-2.66,0.11,0.06,0,3.96,42.57,-75.68,-40.13,0.11,-0.03,0.99
27.242,0,0.983,-0,0.15,0.1,25.85,17.4,1.26,-0.04,-0.02,0.12,4.09,-15.87,-33.87,19.23,-0.41,0.09,1.07
27.243,3,0.954,0.29,-0.02,0.07,21.07,-3.98,33.68,-0.04,0.12,-0.11,4.09,20.14,25.63,-12.21,0,0.4,0.78
27.247,2,-0.683,0.21,0.19,-0.67,102.65,1.24,-33.3,0.19,-0.04,0.12,4.09,-4.12,-12.97,-20.45,0.03,-0.77,0.82
27.248,4,-0.161,0.34,0.24,-0.89,161.86,32.2,-39.47,0.05,-0.02,-0.02,3.93,-23.19,7.02,9.31,-0.55,-0.62,0.64
27.329,1,0.957,-0.15,-0.02,-0.25,346.04,-6.47,-16.06,-0.14,-0.3,-0.17,4.09,52.03,-15.72,105.13,-0.18,-0.04,0.87
27.33,5,-0.436,-0.38,-0.08,0.81,256.77,42.98,16.02,0.03,0.04,-0.01,4.01,9,-1.98,9.61,-0.61,0.24,0.68
27.335,7,0.209,0.11,-0.27,-0.93,220.73,4.84,33.58,-1.25,-0.47,-1.33,4.09,-83.01,21.36,86.98,0.58,-0.03,-0.22
27.337,6,0.279,0.18,-0.03,0.94,160.55,-21.01,3.05,0.43,0.05,-0.02,3.96,43.79,-57.37,-43.33,0.01,-0.15,1.08
27.34,0,0.982,-0.01,0.14,0.13,29.13,15.78,0.59,-0.31,-0.08,-0.08,4.09,-3.2,-0.61,30.82,-0.52,0.17,0.81
27.342,3,0.949,0.31,0,0.07,22.37,-2.16,35.71,-0.11,0.15,-0.08,4.09,14.5,26.55,29.6,-0.04,0.42,0.81
27.345,2,-0.689,0.2,0.2,-0.67,102.33,-0.34,-32.74,0.03,0.08,0.05,4.09,7.93,-12.05,19.53,-0.07,-0.55,0.82
27.347,4,-0.144,0.35,0.25,-0.89,163.15,33.21,-40.6,-0,-0.02,-0.03,3.93,-6.26,0.31,16.17,-0.59,-0.58,0.62
27.441,1,0.98,-0.12,-0.01,-0.16,356.12,-3.47,-13.28,0.06,-0.19,0.02,4.09,19.23,-9.31,112.46,0.04,-0.01,1.02
27.443,5,-0.447,-0.38,-0.07,0.81,259.32,42.69,18.28,0.06,0.02,0.12,4.01,4.88,5.34,20.6,-0.65,0.3,0.73
27.447,7,0.265,0.03,-0.25,-0.93,224.78,-4.24,29.29,0.02,-0.21,0.05,4.09,-43.18,-37.54,89.72,-0.04,0.42,0.99
27.45,6,0.311,0.23,-0,0.92,154.83,-24.95,8.89,0.65,0.38,-0.02,3.96,37.08,-31.43,-38.6,-0.29,-0.05,1.27
27.454,0,0.979,-0.01,0.14,0.15,31.95,15.84,1.84,-0.2,-0.01,-0.01,4.09,3.05,6.26,18.92,-0.45,0.1,0.89
27.455,3,0.945,0.31,0.01,0.11,26.67,-2.66,35.74,0.01,0.05,0.03,4.09,-5.34,32.2,39.98,0.06,0.52,0.84
27.459,2,-0.678,0.19,0.2,-0.68,104.54,-0.46,-31.69,-0,-0.05,-0.09,4.09,12.51,-12.82,-23.8,0.05,-0.56,0.81
27.46,4,-0.126,0.34,0.25,-0.9,165.58,33.72,-39.63,0.1,0.09,-0.15,3.93,0.76,-22.89,14.8,-0.51,-0.59,0.64
27.54,1,0.99,-0.11,-0.02,-0.09,3.94,-3.01,-12.25,0.14,-0.28,-0.13,4.09,12.97,-25.63,59.81,0.12,0.09,0.91
27.542,5,-0.469,-0.39,-0.06,0.79,263.64,42.16,21.34,-0.01,0.09,0.09,4.01,-11.29,3.05,47.61,-0.57,0.34,0.76
27.545,7,0.278,-0.02,-0.23,-0.93,225.21,-8.92,24.78,-0.04,-0.08,-0.09,4.09,-52.95,-46.08,5.04,0.13,0.29,0.87
27.546,6,0.311,0.19,0.04,0.93,155.23,-19.18,11.25,0.72,0.23,0.23,3.96,2.29,176.24,6.71,0.16,-0.15,1.28
27.55,0,0.976,-0,0.14,0.16,33.54,16.45,2.43,-0.17,0.03,-0.1,4.09,0.61,6.41,15.72,-0.42,0.05,0.81
27.552,3,0.941,0.29,0.02,0.17,33.07,-3.14,34.04,0.01,0.06,0.3,4.09,-24.72,49.13,51.73,0.09,0.71,1
27.556,2,-0.674,0.18,0.2,-0.69,105.54,-1,-31.36,-0.02,0.02,-0.05,4.09,-2.29,-9.77,24.41,-0.01,-0.47,0.83
27.557,4,-0.097,0.33,0.24,-0.91,170.61,33.42,-36.32,-0.02,0.01,0.08,3.93,0.92,-14.19,27.47,-0.53,-0.54,0.72
27.639,1,0.993,-0.1,-0.02,-0.05,8.11,-2.96,-11.46,0.21,-0.12,-0.14,4.09,19.23,-3.97,41.2,0.27,-0.04,0.85
27.64,5,-0.495,-0.38,-0.06,0.78,266.73,40.19,21.39,0.05,0.06,-0.01,4.01,-25.79,-14.5,20.9,-0.67,0.35,0.69
27.644,7,0.302,-0.08,-0.19,-0.93,227.55,-15.1,18.81,0.2,-0.09,-0.04,4.09,-59.66,-48.68,77.51,0.04,0.35,0.91
27.645,6,0.243,0.06,0.02,0.97,165.67,-6.53,4.03,-0.35,-0.15,0.37,3.96,-76.29,139.31,154.72,0.52,0.12,1.33
27.649,0,0.972,-0,0.15,0.18,35.51,16.77,2.64,-0.12,0.11,-0.05,4.09,-9,2.44,31.59,-0.41,-0.01,0.87
27.651,3,0.943,0.28,0.05,0.17,34.92,0.11,32.81,0.02,0.04,0.01,4.09,-13.89,30.82,-17.24,-0.01,0.52,0.84
27.654,2,-0.668,0.18,0.2,-0.69,106.53,-1.36,-31.34,0.12,0.04,0.02,4.09,-3.36,-13.58,8.24,-0.01,-0.63,0.84
27.656,4,-0.072,0.33,0.24,-0.91,173.9,34.04,-35.13,0.02,-0.05,0.04,3.93,-6.41,-9.46,35.71,-0.51,-0.47,0.66
27.738,1,0.996,-0.09,-0.02,-0.03,11.41,-2.89,-9.85,0.25,0.07,0.01,4.09,22.28,-8.54,45.78,0.35,-0.22,0.99
27.739,5,-0.515,-0.35,-0.06,0.78,267.65,37.82,19.31,0.05,-0.04,0.17,4.01,-19.68,-18.16,19.84,-0.78,0.35,0.83
27.742,7,0.345,-0.14,-0.15,-0.92,233.25,-20.99,11.2,0.28,-0.02,0.02,4.09,-56.92,-38.45,47.76,0.13,0.32,1
27.744,6,0.169,-0.05,-0.01,0.98,174.48,5.8,-1.77,-0.42,0.07,-0.26,3.96,-38.15,108.03,26.4,0.27,0.21,0.76
27.747,0,0.968,-0.01,0.14,0.21,38.38,16.44,2.12,-0.03,0.04,0.01,4.09,-21.51,-15.26,28.38,-0.34,0.01,0.98
27.748,3,0.945,0.26,0.08,0.18,36.42,2.98,31.65,-0.13,0.13,-0.12,4.09,-13.43,37.08,6.41,-0.22,0.4,0.78
27.752,2,-0.663,0.17,0.21,-0.7,107.48,-2.02,-31.43,0.17,0.03,-0.05,4.09,1.83,-12.66,-12.36,0,-0.67,0.77
27.754,4,-0.041,0.32,0.24,-0.92,178.05,34.8,-33.83,-0.01,-0.02,-0.02,3.93,-12.36,-5.34,36.16,-0.58,-0.41,0.65
27.835,1,0.996,-0.08,-0.03,0.02,16.28,-3.26,-9.29,0.19,-0.21,-0.22,4.09,-12.51,-43.95,42.42,0.19,0.19,0.99
27.837,5,-0.537,-0.34,-0.06,0.77,270.31,35.98,19.86,0.08,0.05,0.07,4.01,-3.97,8.54,36.01,-0.6,0.39,0.78
27.84,7,0.394,-0.18,-0.11,-0.89,240.84,-23.89,3.7,0.89,-0.05,-0.02,4.09,-18.16,-7.93,73.55,-0.22,0.85,1.22
27.842,6,0.144,-0.11,-0.02,0.98,177.03,11.94,-3.92,-0.29,0.1,-0.48,3.96,-21.36,18.01,34.79,0.09,0.12,0.58
27.845,0,0.966,-0.03,0.12,0.22,40.19,14.58,0.26,-0.22,-0.25,0.45,4.09,-23.5,-21.36,0.61,-0.48,0.38,1.24
27.846,3,0.941,0.24,0.1,0.21,40.51,5.16,30.24,-0.02,0.15,-0.09,4.09,-25.48,40.44,60.73,-0.18,0.35,0.84
27.851,2,-0.652,0.17,0.21,-0.71,109.34,-2.16,-31.41,0.07,-0.09,0.06,4.09,1.37,-10.38,22.13,0.19,-0.58,0.89
27.852,4,-0.009,0.32,0.25,-0.91,181.55,35.72,-34.22,-0.15,-0.05,-0.04,3.93,-28.99,-11.44,34.03,-0.46,-0.24,0.56
27.923,1,0.992,-0.12,-0.04,0,15.05,-4.07,-14.03,-0.13,-0.71,0.21,4.09,-57.22,49.59,-59.81,-0.02,0.45,1.34
27.925,5,-0.558,-0.35,-0.06,0.75,274.49,36.17,21.9,0.1,0.05,-0.01,4.01,-4.43,30.67,22.58,-0.54,0.31,0.67
27.928,7,0.424,-0.11,-0.1,-0.89,244.12,-16.3,4.56,-0,0.27,0.39,4.09,77.51,117.34,-15.87,0.58,0.31,1.25
27.929,6,0.082,-0.1,-0.02,0.99,184.25,11.82,-2.83,0.34,-0.03,0.01,3.96,4.88,-34.48,94.91,-0.64,-0.24,1.04
27.933,0,0.967,-0.04,0.11,0.22,39.97,13.75,-1.08,-0.26,0.01,0.15,4.09,-9.31,13.28,2.14,-0.5,0.08,1.05
27.935,3,0.928,0.22,0.12,0.28,48.78,5.94,28.1,0.03,0.13,-0.05,4.09,-40.89,45.93,94.76,-0.15,0.38,0.91
28.037,1,0.988,-0.15,-0.01,-0.05,8.82,-2.41,-17.04,0.09,-0.25,-0.07,4.09,-28.69,13.58,-87.28,0.1,-0.04,0.96
28.039,4,0.021,0.31,0.27,-0.91,184.75,35.59,-36.17,-0.01,0.01,0.02,3.93,-40.89,-14.8,20.6,-0.63,-0.54,0.7
28.042,7,0.391,-0,-0.17,-0.9,239.54,-7.92,18.23,-0.09,-0.16,0.36,4.09,147.55,76.45,-73.55,0.15,0.26,1.34
28.044,5,-0.574,-0.37,-0.07,0.73,278.85,37.82,23.96,0.07,-0.01,0.05,4.01,-4.58,20.6,21.67,-0.62,0.37,0.64
28.047,0,0.962,-0.04,0.13,0.24,41.56,15.83,-1.43,-0.27,-0.03,-0.09,4.09,-3.2,19.23,26.09,-0.46,0.13,0.82
28.049,6,0.019,-0.1,-0.03,0.99,191.52,11,-3.18,0.46,0.43,-0,3.96,-19.53,9,-10.99,-1.04,0.44,0.96
28.052,2,-0.601,0.14,0.21,-0.76,117.69,-1.93,-29.55,-0.04,-0.01,-0.09,4.09,4.12,-18.77,27.16,0.05,-0.44,0.83
28.054,3,0.906,0.21,0.14,0.34,57.15,6.14,28.2,0.11,0.04,0.03,4.09,18.01,29.45,54.17,-0.06,0.43,0.98
28.137,1,0.982,-0.17,-0.03,-0.09,4.56,-4.55,-18.84,0.07,-0.29,-0.06,4.09,-22.58,-25.94,-60.42,0.08,-0.01,1.01
28.138,4,0.047,0.3,0.3,-0.91,187.67,34.36,-38.47,-0.1,-0.2,-0.04,3.93,-19.07,-26.55,23.04,-0.53,-0.63,0.55
28.141,7,0.334,0.12,-0.24,-0.9,235.62,3.66,31.13,-0.71,-0.33,-0.35,4.09,96.44,100.4,-19.23,0.27,-0.24,0.92
28.143,5,-0.592,-0.37,-0.08,0.71,281.89,38.48,23.72,0.06,-0.05,-0.04,4.01,-42.72,1.22,8.24,-0.71,0.35,0.75
28.146,0,0.956,-0.05,0.14,0.25,43.59,17.09,-1.04,-0.21,-0.11,-0.08,4.09,5.95,7.02,10.53,-0.38,0.19,0.86
28.148,6,0.081,-0.08,-0.02,0.99,184.43,9.14,-3.22,-1.01,-0.53,0.2,3.96,49.44,-111.69,-108.49,0.9,-0.51,1.35
28.152,2,-0.577,0.14,0.21,-0.78,121.23,-1.68,-29.6,-0.11,-0.02,-0.13,4.09,-4.12,-18.77,23.96,0.07,-0.35,0.81
28.153,3,0.877,0.21,0.15,0.4,64.82,5.6,29.89,-0.18,-0.1,0.18,4.09,-47.61,67.9,113.83,-0.13,0.74,0.81
28.236,1,0.977,-0.18,-0.03,-0.12,1.61,-5.69,-20.23,0.23,-0.23,-0.11,4.09,-19.99,5.65,-28.84,0.28,-0.04,0.9
28.237,4,0.08,0.28,0.3,-0.91,192.62,33.34,-36.96,0.04,-0.04,-0.04,3.93,-3.2,-28.08,27.31,-0.57,-0.53,0.62
28.241,7,0.334,0.19,-0.28,-0.88,238.55,8.19,38.78,-0.3,0.09,-0.79,4.09,25.79,-6.41,-41.35,0.27,0.06,0.27
28.243,5,-0.612,-0.34,-0.11,0.7,283.02,37.89,20.26,0.02,-0.09,0.09,4.01,-32.2,-1.37,14.19,-0.66,0.32,0.73
28.246,0,0.954,-0.04,0.15,0.26,44.36,17.66,0.14,-0.13,-0.06,-0.09,4.09,2.14,-1.53,-1.37,-0.35,0.11,0.85
28.247,6,0.073,-0.01,-0.01,1,185.63,1.52,-1.49,0.01,-0,-0.02,3.96,17.55,-68.05,-7.63,-0.08,-0.01,1.01
28.34,1,0.973,-0.19,-0.02,-0.12,0.52,-4.42,-21.99,0.44,0.06,-0.1,4.09,-27.47,15.26,8.09,0.56,-0.25,0.83
28.342,3,0.857,0.18,0.17,0.45,71.47,7.08,27.54,-0.08,0.12,-0.06,4.09,-30.36,24.26,2.75,-0.25,0.42,0.81
28.345,7,0.286,0.16,-0.3,-0.9,231.68,6.23,39.34,0.44,-0.35,0.27,4.09,17.85,-56.3,7.93,-0.8,0.7,0.97
28.347,4,0.108,0.26,0.3,-0.91,196.59,32.89,-36.31,-0.05,-0.09,-0.05,3.94,-19.38,-18.31,19.53,-0.44,-0.58,0.61
28.351,0,0.953,-0.04,0.14,0.27,45.5,16.54,0.21,-0.06,-0.01,0.01,4.09,-14.34,-27.31,28.08,-0.35,0.01,0.99
28.353,5,-0.636,-0.33,-0.13,0.68,286.42,38.09,18.71,0.01,-0.05,0.06,4.01,-20.75,9.77,30.06,-0.69,0.29,0.76
28.356,2,-0.552,0.13,0.23,-0.79,124.84,-2.66,-31.18,0.13,-0.17,-0.01,4.09,-10.07,-18.46,21.97,0.13,-0.66,0.77
28.358,6,0.099,0.04,0.01,0.99,182.57,-4.57,1.63,-0.01,-0.04,0,3.96,43.49,-60.73,-20.29,0.1,-0.03,1.02
28.439,1,0.972,-0.21,-0.02,-0.11,2.31,-4.38,-23.75,-0.06,-0.38,-0.03,4.09,2.29,-7.17,47.91,-0.12,-0.13,1.11
28.441,3,0.846,0.15,0.17,0.48,75.12,8.57,25.48,-0.03,-0.05,0.04,4.09,-17.09,29.45,33.26,-0.12,0.48,0.91
28.445,7,0.328,0.12,-0.31,-0.88,235.1,0.83,38.88,-0.64,0.57,0.51,4.09,2.9,-31.74,193.63,0.95,0.73,1.56
28.446,4,0.137,0.26,0.32,-0.9,199.77,33.87,-36.9,-0.06,0.02,-0.09,3.93,-23.8,-2.59,25.79,-0.52,-0.48,0.64
28.451,0,0.94,-0.04,0.11,0.32,51.5,13.16,-0.97,-0.37,-0.07,0.46,4.09,-23.5,-22.89,78.74,-0.51,0.22,1.38
28.454,5,-0.659,-0.33,-0.13,0.66,290.05,37.41,18.85,0.08,-0.03,0.16,4.01,-12.51,-4.27,32.04,-0.72,0.4,0.86
28.459,2,-0.547,0.12,0.25,-0.79,126.11,-4.88,-31.17,0.23,-0.16,0.06,4.09,17.7,-7.78,-18.31,0.16,-0.81,0.81
28.461,6,0.122,0.1,0.04,0.99,179.37,-11.03,6.2,0.16,0.17,-0.02,3.96,37.54,-82.7,-71.72,-0.02,0.18,0.95
28.54,1,0.985,-0.17,-0.02,-0.03,11.23,-2.6,-19.45,-0.12,0.06,0.04,4.09,50.2,-23.8,157.17,-0.07,-0.42,0.99
28.541,3,0.82,0.14,0.19,0.52,80.93,9.72,26.35,0.04,0.06,-0.05,4.09,7.02,42.88,68.05,-0.21,0.37,0.84
28.545,7,0.413,0.11,-0.29,-0.86,244.67,-2.35,35.69,0.12,1.29,-0.96,4.09,-25.79,-183.41,161.44,0.28,1.53,0.49
28.547,4,0.161,0.26,0.34,-0.89,201.8,35.12,-38.99,-0.05,-0.12,0.04,3.93,-24.72,-4.73,27.47,-0.59,-0.61,0.56
28.551,0,0.92,-0.04,0.11,0.37,58.29,13.1,-0.13,-0.33,0.02,-0.03,4.09,-8.54,-5.95,68.82,-0.47,0.21,0.91
28.553,5,-0.68,-0.32,-0.13,0.64,293.63,36.63,19.64,0.05,-0.01,-0,4.01,-8.54,3.36,35.55,-0.62,0.42,0.79
28.641,1,0.985,-0.14,-0.01,0.1,25,0.89,-16.25,0.17,-0.18,-0.09,4.09,29.45,-20.9,167.54,0.18,-0.11,0.92
28.643,6,0.16,0.17,0.08,0.97,173.51,-17.35,12.01,0.3,-0.07,-0.03,3.96,50.66,-57.83,-20.45,-0.02,0.09,1.07
28.648,7,0.513,0.02,-0.29,-0.81,254.59,-15.74,30.97,0.04,0.04,0.08,4.09,-35.1,-15.11,150.3,0.39,0.65,0.78
28.65,3,0.777,0.14,0.22,0.57,89.38,10.71,29.06,0.01,0.1,0.02,4.09,14.04,57.53,82.86,-0.29,0.44,0.84
28.654,0,0.896,-0.04,0.11,0.43,65.38,13.31,0.72,-0.19,-0,-0.03,4.09,-24.26,9.92,82.86,-0.34,0.17,0.91
28.655,4,0.188,0.26,0.35,-0.88,204.72,36.28,-39.41,-0,-0.06,0.05,3.93,-14.19,-8.7,28.38,-0.59,-0.48,0.58
28.75,1,0.972,-0.12,0,0.21,37.55,2.84,-13.1,0.14,-0.23,-0.12,4.09,36.32,1.53,134.28,0.19,-0.04,0.88
28.752,6,0.159,0.21,0.11,0.96,171.8,-22.03,17.23,1.17,-0.06,-0.06,3.96,40.44,23.8,6.87,-0.63,-0.1,1.38
28.756,7,0.588,-0.04,-0.27,-0.76,264.83,-22.19,23.92,0.12,-0.02,0.02,4.09,-25.18,-19.07,86.21,0.31,0.44,0.88
28.758,3,0.725,0.14,0.25,0.63,98.76,10.81,31.44,0.07,0.18,-0.09,4.09,-25.63,29.6,81.94,-0.29,0.35,0.86
28.761,0,0.866,-0.05,0.11,0.48,72.54,14.57,0.92,-0.19,0.03,-0.07,4.09,-34.18,25.02,72.94,-0.35,0.16,0.86
28.763,4,0.208,0.25,0.36,-0.87,207.24,35.98,-40.35,-0.09,-0.06,-0,3.93,-16.33,-31.13,-3.81,-0.66,-0.67,0.68
28.767,2,-0.459,0.08,0.24,-0.85,138.54,-4.45,-29.36,-0.06,0.12,0.01,4.09,3.05,-16.94,75.38,0,-0.39,0.94
28.769,5,-0.706,-0.35,-0.16,0.6,302.07,39.68,22.85,-0.07,-0.07,-0.01,4.01,-24.72,29.14,25.63,-0.74,0.22,0.68
28.855,1,0.954,-0.09,0.01,0.29,47.09,3.82,-9.56,0.12,-0.26,-0.02,4.09,31.43,-5.49,87.43,0.19,-0.03,0.99
28.856,6,0.148,0.12,0.13,0.97,175.06,-11.27,17.15,-0.31,-0.55,0.32,3.96,-19.38,159.61,37.69,0.75,-0.08,1.28
28.86,7,0.642,-0.08,-0.26,-0.72,273.55,-26.23,17.66,0.15,-0.05,0.04,4.09,-30.06,-9.92,96.89,0.38,0.42,0.89
28.861,3,0.693,0.1,0.22,0.68,105.29,10.26,26.23,-0.33,0.05,0.02,4.09,-50.66,24.11,-12.36,-0.21,0.69,0.66
28.865,0,0.838,-0.08,0.12,0.53,78.38,16.62,0.08,-0.18,0.06,-0.06,4.09,-31.43,16.02,55.54,-0.4,0.13,0.86
28.866,5,-0.721,-0.35,-0.18,0.57,306.64,40.94,24.17,-0,-0.07,-0.07,4.01,-13.58,19.84,34.03,-0.61,0.32,0.67
28.871,2,-0.419,0.09,0.24,-0.87,143.35,-2.48,-29.05,0.05,0.11,-0.01,4.09,-1.98,-13.43,60.12,-0.06,-0.44,0.88
28.872,4,0.225,0.24,0.36,-0.88,210.05,35.02,-39.39,-0.04,0.01,0.07,3.93,-3.51,-17.09,22.13,-0.59,-0.62,0.71
28.934,1,0.936,-0.06,0.02,0.35,54.47,4.22,-6.12,0.28,-0.3,-0.12,4.09,40.89,-14.04,91.25,0.34,-0.05,0.92
28.935,6,0.021,0.03,0.09,1,191.41,-2.94,10.1,-0.49,-0.21,0.22,3.96,-59.51,132.29,222.63,0.59,0.06,1.21
28.939,7,0.697,-0.11,-0.24,-0.67,283.73,-28.67,10.81,0.15,-0.28,-0.07,4.09,-13.43,0.46,126.04,0.2,0.29,0.88
28.941,3,0.711,0.07,0.2,0.67,102.93,10.97,21.32,-0.05,0.08,0.03,4.09,-44.1,-21.67,-34.94,-0.27,0.43,0.9
28.944,0,0.812,-0.09,0.12,0.57,83.67,16.78,-0.66,-0.04,0,-0.06,4.09,-26.86,-11.9,58.44,-0.28,0.02,0.9
28.946,4,0.246,0.23,0.35,-0.88,213.32,34.65,-37.55,-0.09,-0.05,-0.04,3.93,-5.49,-23.04,25.79,-0.52,-0.6,0.63
28.969,2,-0.387,0.08,0.24,-0.89,147.45,-2.14,-29.05,0.09,0.04,0.03,4.09,-3.36,-22.89,24.26,-0.02,-0.55,0.85
28.971,5,-0.737,-0.36,-0.19,0.54,311.62,41.66,26.02,0.03,-0.08,-0.01,4.01,-9.77,22.89,22.28,-0.78,0.37,0.71
29.036,1,0.911,-0.03,0.03,0.41,62.54,4.57,-2.01,0.07,-0.49,0.16,4.09,25.18,3.36,72.48,0.31,0.23,1.21
29.037,6,-0.14,-0.06,0.03,0.99,210.41,5.82,4.16,-0.33,0.28,-0.13,3.96,-64.24,85.45,103.45,0.3,0.19,0.88
29.041,7,0.763,-0.13,-0.21,-0.6,297.24,-28.8,3.53,0.14,-0.66,-0.11,4.09,14.5,47.76,91.09,-0.15,0.24,1.12
29.042,3,0.739,0.07,0.18,0.65,98.17,10.18,19.82,0.1,0.09,-0.14,4.09,9.61,-16.17,-24.72,-0.27,0.18,0.82
29.045,0,0.789,-0.08,0.09,0.6,88.65,14.02,-0.83,-0.25,-0.16,0.25,4.09,-18.62,-22.28,61.65,-0.22,0.28,1.25
29.047,5,-0.737,-0.37,-0.21,0.52,315.38,44.9,27.73,-0.05,0,0.16,4.01,-6.56,33.72,-11.44,-0.8,0.28,0.71
29.071,2,-0.363,0.07,0.25,-0.9,150.82,-3.16,-29.67,0.03,-0.08,0.12,4.09,-1.07,-23.96,22.74,0.15,-0.6,0.92
29.072,4,0.27,0.22,0.35,-0.87,216.75,34.48,-36.55,-0.08,0.02,-0.06,3.93,-17.55,-20.9,15.87,-0.53,-0.53,0.68
29.152,1,0.904,-0.04,0.04,0.42,64.24,5.87,-2.75,-0.2,-0.12,0.06,4.09,-27.01,56.3,-37.99,-0.1,0.19,1.05
29.154,6,-0.242,-0.1,-0.03,0.96,222.11,12.25,-0.79,-0.25,0.41,-0.23,3.96,-64.54,42.72,137.79,0.22,0.26,0.84
29.157,7,0.808,-0.07,-0.13,-0.57,303.19,-16.42,1.74,-0.05,-0.16,0.25,4.09,10.07,167.24,56,0.51,0.23,1.2
29.159,3,0.739,0.09,0.18,0.64,97.76,8.48,21.21,0.04,0.03,0.16,4.09,34.18,-18.46,36.62,-0.16,0.36,1.07
29.162,0,0.774,-0.08,0.08,0.62,91.55,12.72,-1.25,-0.25,0.04,0.02,4.09,-19.53,12.36,32.81,-0.31,0.21,0.98
29.163,4,0.282,0.2,0.36,-0.87,218.3,33.59,-37.7,-0.11,0.01,-0.05,3.93,-29.91,-16.94,3.66,-0.5,-0.57,0.72
29.237,1,0.915,-0.06,0.05,0.4,60.54,7.76,-4.5,-0.1,-0.37,-0.06,4.09,-0.61,-18.01,-55.24,0.06,0.24,0.99
29.239,5,-0.733,-0.38,-0.24,0.51,317.51,47.62,28.68,0.03,-0.02,0.18,4.01,-7.78,33.42,2.75,-0.78,0.43,0.61
29.243,7,0.81,0.02,-0.09,-0.58,302.38,-6.93,8.48,0.22,-0.02,0.24,4.09,93.08,53.41,-99.03,0.18,0.36,1.23
29.244,6,-0.355,-0.11,-0.08,0.93,235.45,14.49,-4.22,0.14,-0.02,-0.04,3.96,-63.93,-13.12,93.54,-0.46,0.05,0.92
29.247,0,0.765,-0.09,0.09,0.63,92.76,14.86,-1.83,-0.27,0.07,-0.05,4.09,-13.58,27.31,17.09,-0.36,0.2,0.88
29.249,3,0.727,0.12,0.18,0.65,99.1,5.76,24.25,0.15,0.12,-0.05,4.09,28.23,-29.91,14.65,-0.18,0.26,0.9
29.362,1,0.927,-0.06,0.04,0.37,57.26,6.62,-4.25,0.1,-0.29,-0.22,4.09,4.43,-29.3,-51.73,0.22,0.1,0.85
29.364,5,-0.738,-0.38,-0.26,0.49,320.19,49.53,28.47,0.09,-0,0.1,4.01,-35.25,22.89,13.89,-0.87,0.41,0.62
29.367,7,0.766,0.12,-0.05,-0.63,295.81,4.55,14.8,-0.1,0.19,-0.05,4.09,37.69,104.37,-31.74,0.08,0.17,0.98
29.369,4,0.293,0.18,0.38,-0.86,219.63,32.22,-40.49,-0.03,-0,0.01,3.93,-36.77,-30.82,4.43,-0.48,-0.5,0.62
29.373,0,0.759,-0.11,0.1,0.63,93.44,17.25,-1.98,-0.23,0.05,-0.05,4.09,-9.46,19.38,0.92,-0.36,0.19,0.89
29.374,6,-0.392,-0.08,-0.11,0.91,239.69,13.14,-8.71,0.24,0.71,-0.25,3.96,-43.18,-44.86,43.49,0.15,0.65,0.89
29.378,2,-0.256,0.07,0.23,-0.94,163.36,0.31,-27.83,-0,0.16,-0.07,4.09,-2.75,-6.41,42.27,-0.08,-0.29,0.88
29.38,3,0.711,0.17,0.16,0.66,100.29,0.37,26.55,0.13,-0.03,0.02,4.09,13.12,-49.59,50.66,0.05,0.38,0.98
29.46,1,0.932,-0.05,0.02,0.36,56.08,4.57,-4.02,0.09,-0.26,0.03,4.09,4.73,-9.92,-10.83,0.14,0.09,1.03
29.461,5,-0.754,-0.36,-0.29,0.46,323.41,50.86,26.05,-0.12,0.02,0.04,4.01,-64.39,9.31,10.07,-0.87,0.22,0.6
29.464,0,0.762,-0.11,0.12,0.63,92.66,18.8,-1.59,-0.19,0,0.01,4.09,-5.65,19.07,1.83,-0.35,0.16,0.94
29.466,4,0.31,0.15,0.4,-0.85,222.24,29.85,-42.45,-0.16,-0.02,0.14,3.93,-16.78,-45.32,11.14,-0.36,-0.57,0.63
29.47,2,-0.242,0.07,0.23,-0.94,165.03,0.67,-27.79,-0.01,-0.03,0.06,4.09,-2.44,-5.19,6.26,0.02,-0.53,0.94
29.472,6,-0.428,-0.04,-0.08,0.9,244.55,8.43,-6.51,-0.28,0.61,-0.25,3.96,-3.51,-96.44,-37.08,0.42,-0.01,0.96
29.475,7,0.725,0.2,-0,-0.66,291.75,14.8,17.69,-0.1,0.28,-0.24,4.09,18.62,65.16,-99.49,0.07,0.1,0.76
29.477,3,0.688,0.2,0.13,0.68,102.32,-5.94,27.02,-0.29,0.03,0.09,4.09,-4.58,-17.4,53.25,0.07,0.75,0.83
29.548,1,0.931,-0.04,0.03,0.36,56.3,4.79,-3.49,0.12,-0.25,0.07,4.09,-1.07,21.51,5.8,0.18,0.06,1.06
29.55,4,0.332,0.12,0.39,-0.85,226.07,27.41,-41.88,0.03,0.04,-0.05,3.93,-17.55,-39.37,9.46,-0.45,-0.54,0.67
29.554,7,0.68,0.22,0.02,-0.7,285.62,19.9,17,-0.25,0.15,-0.44,4.09,3.2,-18.01,-19.68,-0.11,-0.04,0.65
29.556,5,-0.769,-0.33,-0.32,0.45,323.8,51.29,21.04,0.07,0.02,0.08,4.01,-40.74,2.14,-9.46,-0.72,0.26,0.65
29.56,0,0.762,-0.12,0.13,0.62,92.57,20.02,-0.95,-0.15,-0.03,0.03,4.09,-2.59,12.36,10.83,-0.37,0.13,0.97
29.561,6,-0.444,0.01,-0.05,0.89,246.72,1.97,-6.06,0.07,0.11,0.03,3.96,9.61,-61.49,16.02,0.01,0.03,1.05
29.565,2,-0.235,0.07,0.23,-0.94,165.68,1.01,-28.27,-0.02,0,0.05,4.09,1.68,2.29,6.71,-0.03,-0.5,0.92
29.566,3,0.691,0.23,0.14,0.67,100.57,-6.68,30.58,0.13,0.07,-0.06,4.09,43.79,-14.04,-27.16,0.04,0.34,0.88
29.662,1,0.925,-0.05,0.04,0.37,57.99,6.4,-3.25,-0.01,-0.44,-0.06,4.09,-11.9,22.28,13.89,0.17,0.27,1
29.663,4,0.345,0.1,0.4,-0.84,228.32,25.85,-42.5,-0.02,0.01,-0.08,3.93,-14.65,-16.94,2.59,-0.4,-0.62,0.66
29.668,7,0.669,0.2,-0,-0.72,282.51,16.14,16.29,0.14,-0.27,-0.07,4.09,15.72,-98.11,-6.56,-0.95,0.72,0.94
29.67,5,-0.777,-0.3,-0.33,0.44,323.23,51.67,16.97,0.01,0.08,0,4.01,-27.77,6.1,1.98,-0.75,0.1,0.56
29.674,0,0.76,-0.11,0.14,0.63,93,20.22,0.15,-0.21,-0.05,0.09,4.09,8.24,-1.83,3.66,-0.36,0.22,1.03
29.675,6,-0.46,0.04,-0.03,0.89,248.97,-2.91,-4.96,0.2,0.01,0.01,3.96,18.16,-37.38,14.34,-0.02,0.06,0.98
29.679,2,-0.244,0.07,0.23,-0.94,164.6,1.45,-28.03,-0.01,-0.02,0.02,4.09,-0.15,10.22,-14.19,0.02,-0.48,0.9
29.68,3,0.672,0.25,0.13,0.69,102.5,-9.54,31.26,-0.1,0.15,-0.05,4.09,2.14,-17.4,40.28,0,0.58,0.78
29.741,1,0.924,-0.06,0.05,0.37,57.9,7.92,-3.91,0.21,-0.27,-0.22,4.09,-3.36,16.17,-22.28,0.21,-0.02,0.81
29.742,4,0.347,0.08,0.41,-0.84,228.69,25.04,-44.14,-0.11,0.01,0.01,3.93,-25.02,0,-1.37,-0.34,-0.59,0.59
29.746,7,0.682,0.17,-0.03,-0.71,283.14,10.92,16.15,-0.31,0.17,-0.17,4.09,-22.13,-52.19,35.1,0.09,-0.08,0.91
29.747,5,-0.781,-0.3,-0.34,0.43,325.12,52.44,16.81,0,0.03,0.07,4.01,-8.39,17.4,12.66,-0.82,0.19,0.65
29.751,0,0.763,-0.11,0.14,0.62,92.67,20.26,0.94,-0.16,0.07,0.03,4.09,8.24,1.68,-9.46,-0.45,0.14,0.91
29.753,6,-0.462,0.06,0.02,0.88,249.31,-7.05,-1.58,0.07,0.14,0.02,3.96,25.79,-36.93,-18.01,0.18,0.08,1.05
29.79,2,-0.261,0.08,0.22,-0.94,162.27,2.28,-27.5,0.1,-0.03,0.11,4.09,4.43,18.77,-3.2,-0.12,-0.58,0.93
29.792,3,0.667,0.26,0.13,0.68,102.36,-10.87,32.71,-0.02,0.09,-0.03,4.09,3.66,-5.04,9.92,0.1,0.54,0.81
29.855,1,0.918,-0.06,0.07,0.39,59.42,9.69,-3.45,0.28,0.12,-0.03,4.09,20.14,17.4,56.3,-0.05,-0.31,0.97
29.857,5,-0.779,-0.31,-0.36,0.41,327.88,54.04,18.79,0.01,0,0.04,4.01,2.14,19.53,10.07,-0.78,0.22,0.57
29.86,7,0.733,0.11,-0.07,-0.67,289.83,2.75,15.24,0.06,0.16,0.08,4.09,-10.22,-61.34,82.4,0.12,0.35,1.04
29.861,4,0.347,0.08,0.43,-0.83,228.29,25.47,-46.36,-0.07,0,0.08,3.93,-18.77,3.66,0.61,-0.41,-0.75,0.62
29.865,2,-0.256,0.1,0.22,-0.94,162.38,4.43,-27.45,0.13,0.05,-0.06,4.09,-0.15,14.19,13.43,-0.2,-0.42,0.82
29.866,6,-0.47,0.08,0.05,0.88,250.3,-10.65,0.72,-0.1,0.06,0.06,3.96,25.33,-35.4,20.14,0.3,-0.03,1.03
29.87,0,0.769,-0.1,0.15,0.61,91.48,20.54,1.25,0.01,0.21,0.01,4.09,2.29,5.04,2.59,-0.54,-0.03,0.87
29.872,3,0.665,0.27,0.13,0.68,102.11,-11.49,33.43,-0,0.07,0.05,4.09,2.75,-0.61,12.36,0.13,0.58,0.88
29.954,1,0.897,-0.05,0.09,0.43,65.4,11.27,-0.85,0.11,-0.11,-0.06,4.09,24.72,14.5,88.81,-0,-0.04,0.93
29.956,5,-0.776,-0.32,-0.36,0.41,329.42,54.99,20.44,0.02,-0.06,0.12,4.01,10.38,7.02,0.76,-0.81,0.27,0.6
29.96,7,0.767,0.07,-0.11,-0.63,294.74,-4.82,13.81,0.12,-0.05,-0,4.09,-25.48,-57.22,43.95,0.09,0.37,0.92
29.961,4,0.346,0.08,0.43,-0.83,227.91,25.8,-47.39,-0.09,-0.01,0.01,3.94,-5.65,5.19,0.31,-0.45,-0.79,0.63
29.965,0,0.769,-0.11,0.15,0.61,91,22.1,0.84,-0.07,0.19,-0.05,4.09,-0.31,12.51,2.14,-0.53,0.04,0.8
29.966,6,-0.499,0.1,0.08,0.86,254.06,-14.5,2.87,0.08,-0.12,0.05,3.96,34.18,-25.18,45.78,0.14,0.07,1.06
29.993,2,-0.247,0.11,0.21,-0.94,163.03,6.23,-27.22,0.15,0.08,-0.15,4.09,-1.53,3.97,15.56,-0.25,-0.36,0.75
29.994,3,0.666,0.27,0.13,0.68,101.88,-11.38,33.9,0.02,0.05,0.05,4.09,-0.31,13.28,7.48,0.15,0.58,0.88
30.062,1,0.87,-0.04,0.09,0.48,72.18,11.32,1.61,0.03,-0.15,-0.07,4.09,12.66,-25.79,59.36,0.01,0.1,0.91
30.063,5,-0.774,-0.33,-0.35,0.41,329.82,54.67,22.19,0.03,0.06,0.01,4.01,18.62,-10.68,5.8,-0.81,0.21,0.55
30.067,7,0.784,0.01,-0.13,-0.61,297.56,-11.48,10.27,0.11,-0.06,-0.01,4.09,-39.37,-66.53,56.15,0.14,0.31,0.95
30.069,4,0.341,0.08,0.44,-0.83,227.16,25.97,-47.67,-0.06,-0.03,0.03,3.94,6.26,8.39,2.44,-0.38,-0.81,0.58
30.073,0,0.774,-0.12,0.16,0.6,89.71,23.11,0.43,-0.03,0.15,-0.08,4.09,0.31,2.9,-11.44,-0.5,-0.01,0.79
30.075,6,-0.507,0.1,0.12,0.85,254.84,-17.02,6.19,0.22,-0.14,0.07,3.96,27.31,-16.63,-37.69,0.12,0.18,1.04
30.079,2,-0.249,0.12,0.22,-0.94,162.6,6.61,-28.12,0.16,0.09,-0.09,4.09,-14.95,4.58,-20.75,-0.3,-0.45,0.74
30.08,3,0.665,0.26,0.14,0.68,102.63,-10.18,33.48,-0.04,0.06,0.05,4.09,-11.6,33.72,-10.53,0.12,0.61,0.85
30.161,1,0.853,-0.02,0.08,0.51,76.52,9.31,3.47,0.2,-0.11,-0.01,4.09,14.04,-18.31,57.53,0.04,-0.07,0.97
30.162,5,-0.775,-0.34,-0.34,0.42,329.42,53.16,23.57,0.03,0.11,0.01,4.01,14.5,-17.85,2.75,-0.73,0.16,0.58
30.166,7,0.808,-0.05,-0.15,-0.57,303.05,-17.33,5.47,0.11,-0.16,0.01,4.09,-19.84,-37.08,103.61,0.22,0.27,0.99
30.167,4,0.344,0.1,0.42,-0.83,227.42,26.88,-45.58,-0.03,-0.02,-0.06,3.94,28.84,-3.81,15.56,-0.42,-0.55,0.53
30.171,0,0.782,-0.13,0.17,0.59,87.82,24.2,-0.46,-0.02,0.08,-0.02,4.09,-1.68,5.65,-7.17,-0.48,-0.02,0.86
30.172,6,-0.488,0.08,0.15,0.86,251.89,-16.56,10.12,0.15,-0.53,-0.08,3.96,21.97,37.99,-21.97,-0.26,0.08,1.04
30.176,2,-0.255,0.12,0.23,-0.93,161.73,6.45,-29.82,0.12,-0.03,-0.03,4.09,-12.05,-7.63,-1.37,-0.2,-0.54,0.81
30.177,3,0.683,0.24,0.16,0.67,101.16,-6.52,32.93,0.17,0.23,-0.11,4.09,-9.16,19.53,-11.44,-0.11,0.34,0.85
30.26,1,0.829,0,0.07,0.55,81.95,6.56,5.06,0.25,-0.31,0.07,4.09,14.95,-15.26,52.49,0.25,-0.02,1.12
30.261,4,0.348,0.11,0.4,-0.84,228.21,27.34,-42.99,0.03,0.02,-0.07,3.94,13.58,-0.92,14.34,-0.43,-0.47,0.63
30.265,7,0.851,-0.07,-0.16,-0.49,313.29,-20.36,2.13,0.11,-0.15,-0.02,4.09,5.34,-5.19,74.92,0.3,0.19,0.96
30.266,5,-0.778,-0.34,-0.32,0.42,328.55,51.32,23.98,-0.05,0.02,-0.04,4.01,9.31,-12.51,4.43,-0.82,0.31,0.65
30.271,0,0.781,-0.14,0.16,0.59,87.65,24.38,-1.27,-0.02,-0.02,0.1,4.09,-8.09,-9,12.51,-0.44,0.01,1.02
30.272,6,-0.488,0.03,0.12,0.86,252.02,-10.07,10.29,-0.03,-0.11,0.14,3.96,-59.05,82.09,-11.6,0.15,0.21,1.14
30.295,2,-0.254,0.11,0.24,-0.93,162.09,5.17,-30.55,0,-0.06,0.06,4.09,8.7,-25.18,-16.02,-0.07,-0.58,0.88
30.296,3,0.692,0.24,0.16,0.66,100.16,-5.38,32.61,0.08,0.18,-0.08,4.09,1.98,7.02,-25.94,-0.08,0.41,0.81
30.373,1,0.808,0.01,0.09,0.58,85.99,7.14,7.1,0.09,-0.49,-0.06,4.09,17.55,10.22,20.75,0.35,0.2,1
30.374,4,0.354,0.12,0.4,-0.84,228.67,28.53,-42.28,0.04,0,-0.1,3.94,-0.61,9.46,7.93,-0.49,-0.58,0.67
30.378,7,0.873,-0.09,-0.16,-0.45,319.55,-21.19,-0.48,0.01,-0.43,0.07,4.09,-16.17,-11.75,47.45,0.07,0.19,1.16
30.379,5,-0.778,-0.34,-0.31,0.43,328.39,50.78,24.73,0.09,0.04,0.01,4.01,8.09,3.81,-3.2,-0.71,0.31,0.62
30.382,0,0.777,-0.13,0.15,0.6,88.96,22.46,-1.52,0.03,-0.09,0.1,4.09,-1.98,-33.42,18.16,-0.33,-0.04,1.09
30.384,6,-0.516,-0,0.02,0.86,256.2,-0.73,1.89,0.21,0.13,0.17,3.96,-90.33,117.95,30.21,0.03,0.28,1.16
30.388,2,-0.265,0.09,0.25,-0.93,161.44,2.38,-30.64,0.16,-0.17,0.16,4.09,-1.37,-20.29,-11.14,-0.07,-0.79,0.88
30.39,3,0.706,0.24,0.16,0.65,97.88,-4.41,32.87,0.14,0.15,-0.14,4.09,-5.65,-5.95,7.78,-0.08,0.37,0.8
30.451,1,0.805,0.01,0.1,0.59,86.7,8.22,7.91,-0.06,-0.18,0,4.09,-5.65,6.1,-39.83,-0.05,0.23,0.98
30.455,4,0.357,0.12,0.41,-0.83,228.56,29.86,-43.27,0.02,-0.01,-0,3.94,-22.74,11.6,3.51,-0.55,-0.6,0.63
30.461,7,0.884,-0.09,-0.13,-0.44,321.56,-18.12,-2.71,-0.03,-0.69,-0.03,4.09,-13.58,107.73,-39.22,-0.23,0.34,1.1
30.464,5,-0.773,-0.35,-0.31,0.42,329.84,51.34,27.15,0.08,-0.01,0.12,4.01,16.17,21.97,8.85,-0.86,0.42,0.67
30.468,0,0.775,-0.11,0.13,0.61,90.14,19.4,-0.97,-0.14,0.03,0.02,4.09,3.51,-19.07,16.33,-0.41,0.09,0.9
30.47,6,-0.51,-0.05,-0.09,0.85,255.24,9.76,-6.31,-0.06,0.32,-0.01,3.96,-93.99,94.91,-12.51,0.14,-0.02,1.03
30.571,1,0.831,-0.02,0.11,0.55,81.07,11.56,4.8,0.05,-0.26,-0.08,4.09,-39.37,13.73,-93.54,0.03,0.15,0.98
30.573,3,0.706,0.24,0.16,0.65,97.49,-5.27,32.99,0.19,0.09,-0.05,4.09,11.6,-9,-5.34,0.02,0.35,0.9
30.576,7,0.883,-0.04,-0.06,-0.46,318.78,-8.34,-0.23,0.34,-0.07,0.34,4.09,77.82,69.58,-71.41,0.28,0.27,1.28
30.578,5,-0.765,-0.37,-0.32,0.42,332.44,53.06,30.6,0.03,0.03,0.02,4.01,5.65,20.45,6.56,-0.87,0.31,0.58
30.581,0,0.776,-0.11,0.13,0.61,90.07,19.03,-0.92,-0.18,0.15,-0.03,4.09,-5.19,8.7,-7.63,-0.49,0.12,0.84
30.582,4,0.353,0.13,0.44,-0.82,227,31.14,-46.85,-0.12,-0.01,0.01,3.93,-28.69,21.82,-6.71,-0.43,-0.66,0.54
30.586,2,-0.245,0.08,0.25,-0.93,164.32,1.12,-30.02,0.04,0.18,-0.11,4.09,11.6,3.97,23.65,-0.14,-0.33,0.84
30.588,6,-0.539,-0.06,-0.18,0.82,258.59,17.39,-13.65,0.09,0.37,-0.4,3.96,-66.68,54.78,84.38,0.1,0.11,0.68
30.669,1,0.863,-0.05,0.1,0.49,73.59,12.87,0.9,-0.06,-0.21,-0.1,4.09,-9.92,-4.12,-77.67,-0.02,0.13,0.9
30.671,3,0.706,0.25,0.15,0.65,96.87,-6.89,33.3,0.12,0.11,0.09,4.09,7.48,-20.14,16.17,0.05,0.5,0.98
30.677,7,0.834,0.07,-0.05,-0.55,307.59,-0.16,9.49,-0.26,0.14,0.22,4.09,86.98,87.89,-105.13,0,-0.13,1.24
30.678,4,0.342,0.13,0.46,-0.81,224.4,32.05,-50.79,0.02,-0.02,-0.06,3.93,-11.75,9.31,-5.8,-0.56,-0.65,0.49
30.682,0,0.783,-0.12,0.14,0.6,88.27,20.7,-1.55,-0.11,0.16,-0.08,4.09,-0.15,19.23,-5.65,-0.5,0.04,0.79
30.683,5,-0.764,-0.38,-0.33,0.41,334.79,53.96,32.25,0.09,-0.04,0.09,4.01,-14.19,12.36,1.07,-0.8,0.4,0.46
30.687,2,-0.234,0.08,0.24,-0.94,165.46,2.48,-29.09,0.04,0.06,-0.05,4.09,3.97,4.27,11.14,-0.13,-0.44,0.83
30.689,6,-0.571,-0.05,-0.22,0.79,262.74,18.61,-17.76,0.14,0.06,-0.24,3.96,-30.82,-68.66,11.6,-0.44,-0.15,0.86
30.768,1,0.889,-0.05,0.08,0.45,67.42,11.25,-1.3,0.04,-0.22,0.04,4.09,-11.44,-10.53,-63.78,-0.01,0.08,1.06
30.77,3,0.704,0.27,0.13,0.65,96.34,-9.07,33.49,0.18,-0.03,0.2,4.09,-2.29,-25.02,7.48,0.24,0.5,1.08
30.774,7,0.796,0.16,-0.02,-0.58,303.05,9.31,16.68,0.13,0.38,-0.07,4.09,79.5,57.53,-79.8,0.24,0.24,0.94
30.775,4,0.341,0.13,0.46,-0.81,224.58,31.41,-50.74,-0.05,0.02,0.05,3.93,12.36,-21.97,-7.48,-0.45,-0.69,0.55
30.779,0,0.79,-0.13,0.15,0.58,86.29,22.93,-1.88,-0.16,0.04,-0.03,4.09,7.78,11.75,-13.73,-0.45,0.11,0.86
30.78,5,-0.776,-0.36,-0.33,0.4,334.84,53.3,29.47,0.1,0.05,0.04,4.01,-53.71,-22.58,-6.1,-0.72,0.27,0.55
30.863,1,0.902,-0.06,0.07,0.42,63.83,10.1,-2.85,0.1,-0.27,-0.05,4.09,-9.46,3.51,-49.74,0.11,0.04,0.98
30.865,6,-0.582,-0.01,-0.19,0.79,264.74,13.54,-17.99,0.95,0.03,0.08,3.96,40.74,-32.2,-8.54,-0.14,0.58,1.15
30.868,7,0.741,0.22,-0.01,-0.63,295.83,15.43,20.67,-0.07,0.25,-0.48,4.09,27.31,-21.51,-111.54,-0.01,0.11,0.59
30.87,3,0.701,0.27,0.11,0.65,96.25,-11.43,32.69,0.07,-0.01,0.15,4.09,-2.59,-2.14,17.85,0.24,0.54,0.97
30.874,0,0.797,-0.13,0.16,0.57,84.64,24,-1.55,-0.11,0.02,0,4.09,10.22,9.92,-14.95,-0.47,0.07,0.9
30.876,4,0.348,0.11,0.44,-0.82,226.85,29.58,-47.27,-0.04,0.05,0,3.93,27.47,-30.82,6.87,-0.36,-0.58,0.58
30.88,2,-0.228,0.09,0.23,-0.94,166,3.25,-28.61,0.05,0.03,-0.02,4.09,-2.9,-1.83,-6.26,-0.11,-0.47,0.87
30.881,5,-0.801,-0.31,-0.33,0.39,332.42,50.48,22.14,0.01,0.07,-0.02,4.01,-40.89,-28.38,-6.87,-0.76,0.13,0.65
30.985,1,0.912,-0.07,0.07,0.4,60.88,10.26,-4.78,0.2,-0.45,-0.08,4.09,-19.07,-0.31,-21.06,0.3,0.08,1
30.993,6,-0.55,0.05,-0.13,0.82,260.95,3.74,-15.29,0.1,0.28,0.03,3.96,22.28,-47.15,44.1,0.15,-0,1.03
30.997,7,0.682,0.22,-0.03,-0.7,285.6,15.1,20.68,-0.3,-0.1,-0.26,4.09,12.97,-47,-28.38,-0.29,-0.04,0.75
30.999,3,0.704,0.28,0.11,0.64,95.55,-11.76,32.65,-0.02,0.27,-0.23,4.09,23.5,-3.66,-17.24,-0.1,0.4,0.72
31.006,0,0.806,-0.13,0.17,0.55,82.54,24.52,-1.36,-0.14,-0.06,0.01,4.09,14.34,-9.16,-22.58,-0.41,0.12,0.92
31.008,4,0.357,0.11,0.42,-0.83,228.83,28.47,-44.48,-0.03,0.03,-0.05,3.93,0,-13.28,-4.12,-0.4,-0.64,0.63
31.012,2,-0.237,0.08,0.24,-0.94,165.05,2.45,-28.85,-0.02,-0.02,0.07,4.09,-4.27,-9.77,-17.09,-0.02,-0.54,0.93
31.014,5,-0.808,-0.29,-0.32,0.4,330.74,49.03,19.11,0.02,0.04,0.05,4.01,-8.09,2.44,-1.37,-0.74,0.24,0.68
31.084,1,0.915,-0.07,0.06,0.39,60.22,9.38,-4.9,0.43,-0.07,0.28,4.09,41.5,7.17,8.54,0.11,-0.39,1.19
31.086,6,-0.544,0.08,-0.08,0.83,260.78,-2.84,-12.47,-0.04,0.11,0.02,3.96,37.84,-61.95,-57.83,0.16,-0.22,1
31.092,7,0.709,0.18,-0.06,-0.68,288.08,9.32,19.64,-0.42,0.73,-0.16,4.09,-53.56,109.25,90.79,0.55,-0.14,0.84
31.094,3,0.706,0.28,0.12,0.64,95.1,-10.94,33.87,0.03,0.13,-0.09,4.09,5.65,7.63,0.46,0.05,0.49,0.79
31.099,0,0.815,-0.12,0.16,0.54,81.09,23.32,-1.35,-0.03,0.11,0.09,4.09,3.05,6.87,-1.22,-0.53,-0.01,0.9
31.101,4,0.361,0.1,0.42,-0.83,229.63,27.87,-44.25,-0.09,0.02,-0.04,3.93,-9.46,-6.41,1.37,-0.47,-0.63,0.62
31.107,2,-0.252,0.08,0.24,-0.93,163.62,1.11,-29.29,0.18,-0.16,0.2,4.09,0.92,-1.98,-6.41,-0.11,-0.77,0.94
31.109,5,-0.809,-0.29,-0.33,0.4,330.19,49.24,17.95,0.01,0.01,0.02,4.01,-1.53,6.56,-0.15,-0.76,0.24,0.65
31.162,1,0.899,-0.06,0.07,0.43,64.87,9.86,-2.33,0.32,-0.12,0.12,4.09,18.31,-8.85,95.21,0.07,-0.14,1.15
31.164,6,-0.528,0.1,-0.03,0.84,258.87,-8.43,-9.03,0.05,0.18,-0,3.96,36.62,-47,-15.41,0.3,-0,0.97
31.169,7,0.749,0.14,-0.08,-0.64,293.33,3,18.22,-0.09,0.15,-0.07,4.09,-21.51,-31.43,39.83,0.16,0.14,0.91
31.172,3,0.71,0.28,0.13,0.63,94.15,-10.04,35.19,0.1,0.12,-0.11,4.09,7.32,0.46,0.92,0.09,0.44,0.82
31.177,0,0.815,-0.13,0.16,0.54,80.76,24.03,-2.24,-0.05,0.12,0.02,4.09,-7.17,-0.46,-1.07,-0.53,-0.01,0.87
31.179,5,-0.807,-0.29,-0.33,0.39,330.46,49.92,17.93,0.03,-0.02,0.02,4.01,1.07,7.32,3.81,-0.73,0.26,0.66
31.272,1,0.871,-0.04,0.07,0.48,72.13,9.59,-0.2,0.07,-0.33,-0.1,4.09,-1.68,-16.48,66.07,0.15,0.11,0.94
31.274,4,0.363,0.1,0.43,-0.82,229.59,28.3,-45.58,-0.07,-0.02,-0.1,3.93,-14.04,6.1,0,-0.53,-0.74,0.67
31.28,0,0.814,-0.14,0.16,0.54,80.45,24.57,-3.44,-0.11,0.03,-0.05,4.09,-2.44,4.73,-7.02,-0.45,0.04,0.82
31.281,6,-0.5,0.14,0.04,0.85,255.33,-15.87,-3.89,0.07,-0.21,0.02,3.96,44.1,-62.1,-48.07,0.05,-0.18,1.04
31.287,7,0.776,0.09,-0.1,-0.62,296.73,-2.71,14.88,0.15,-0,-0.01,4.09,-43.18,-58.44,31.43,0.07,0.38,0.92
31.289,3,0.706,0.28,0.13,0.64,94.73,-10.28,35.14,0.02,0.13,0.03,4.09,5.04,4.58,6.56,0.06,0.56,0.86
31.369,1,0.853,-0.03,0.06,0.52,76.65,7.46,0.13,0.08,-0.24,-0.1,4.09,-1.22,-22.43,28.99,0.16,0.03,0.92
31.371,5,-0.805,-0.29,-0.34,0.39,331.31,50.53,19.1,0.03,0.06,-0.02,4.01,7.17,10.68,4.88,-0.77,0.2,0.63
31.375,7,0.78,0.02,-0.12,-0.61,296.76,-9.44,10.22,-0.05,-0.13,0.01,4.09,-47.76,-74.62,31.89,0.02,0.14,0.98
31.377,4,0.359,0.1,0.44,-0.82,228.44,29.1,-47.66,-0.13,-0.02,0.02,3.93,-17.4,14.34,2.75,-0.42,-0.68,0.53
31.38,0,0.819,-0.14,0.16,0.53,79.08,24.47,-4.17,-0.02,0.01,-0.09,4.09,3.97,-1.37,-14.65,-0.4,-0.05,0.82
31.382,6,-0.5,0.14,0.08,0.85,254.99,-18.6,-0.69,0.21,-0.33,-0.02,3.96,12.97,4.73,16.48,-0.11,0.15,1.04
31.483,1,0.846,-0.03,0.05,0.53,78.15,6.44,0.17,0.22,-0.26,-0.14,4.09,8.09,-14.95,14.19,0.23,-0.09,0.89
31.485,3,0.709,0.28,0.14,0.63,94.56,-9.28,35.32,0.12,0.04,0.09,4.09,0,-1.22,1.83,0.16,0.53,0.96
31.489,7,0.809,-0.06,-0.15,-0.57,303.39,-17.81,3.77,0.08,-0.23,0.05,4.09,-37.38,-61.65,75.38,0.12,0.25,1.08
31.491,4,0.357,0.11,0.45,-0.81,227.57,30.2,-48.87,-0.01,-0.02,0.01,3.93,1.07,6.87,1.83,-0.5,-0.76,0.62
31.494,0,0.825,-0.14,0.16,0.52,77.87,24.03,-4.6,-0.01,0.02,0.01,4.09,6.41,-6.41,-3.97,-0.43,-0.08,0.92
31.495,5,-0.805,-0.3,-0.34,0.39,332.46,50.71,20.32,-0.04,-0.02,0.08,4.01,0.46,-6.1,7.17,-0.76,0.23,0.68
31.499,2,-0.214,0.07,0.27,-0.94,167.93,1.15,-32.06,0.11,-0.05,0.01,4.09,-8.09,-11.75,-3.2,-0.1,-0.61,0.8
31.5,6,-0.486,0.12,0.09,0.86,252.69,-17.12,2.04,0.02,-0.48,0.21,3.96,16.02,43.95,-40.13,-0.2,-0.13,1.31
31.581,1,0.836,-0.01,0.05,0.55,80.43,5.24,1.51,0.34,-0.41,-0,4.09,23.96,-6.71,26.09,0.42,-0.11,1.05
31.582,3,0.706,0.28,0.13,0.64,95.26,-9.65,34.66,0.05,0.14,0.13,4.09,1.53,16.94,2.59,0.09,0.57,0.96
31.586,7,0.831,-0.1,-0.15,-0.53,309.5,-20.88,-0.68,0.16,-0.58,0.02,4.09,-18.16,-3.05,63.17,-0.08,0.39,1.12
31.587,5,-0.81,-0.3,-0.33,0.39,332.61,49.51,20.31,0.02,0.04,0.03,4.01,-9.31,-11.14,2.14,-0.76,0.24,0.69
31.591,0,0.823,-0.14,0.15,0.53,78.71,23.18,-4.47,0.01,-0.06,0.11,4.09,-1.68,-10.83,23.19,-0.38,-0.05,1.03
31.593,4,0.362,0.12,0.44,-0.81,228.27,30.9,-47.53,-0.12,0.04,0.03,3.93,14.34,-14.5,14.65,-0.49,-0.62,0.6
31.596,2,-0.212,0.06,0.28,-0.94,168.66,-0.36,-32.69,0.06,-0.13,0.15,4.09,4.88,-28.69,-5.04,0.01,-0.75,0.89
31.598,6,-0.461,0.06,0.06,0.88,248.87,-9.15,3.19,-0.03,-0.05,0.26,3.96,-24.26,77.97,-37.38,0.18,0.01,1.25
31.679,1,0.826,-0,0.05,0.56,82.52,4.68,2.51,-0.02,-0.11,0.23,4.09,-20.14,1.68,-0.31,-0.07,0.16,1.23
31.68,3,0.718,0.27,0.14,0.63,94.02,-7.5,34.26,0.13,0.29,-0.09,4.09,-2.59,4.12,-7.93,-0.12,0.39,0.84
31.686,0,0.813,-0.14,0.14,0.55,81.11,22.47,-4.57,-0.22,-0.02,0.06,4.09,-14.5,3.2,32.2,-0.48,0.14,0.93
31.687,5,-0.816,-0.29,-0.32,0.38,333.12,48.61,19.89,0.07,0.05,0.01,4.01,-7.48,5.65,11.44,-0.75,0.2,0.66
31.692,7,0.842,-0.08,-0.12,-0.52,310.66,-16.3,-0.93,-0.16,-0.92,0.14,4.09,23.19,153.5,-25.33,-0.46,0.26,1.35
31.693,4,0.371,0.12,0.43,-0.81,229.67,31.29,-45.35,-0.15,0.03,-0.03,3.93,7.48,-6.87,12.97,-0.55,-0.61,0.6
31.712,2,-0.202,0.04,0.28,-0.94,170.34,-1.83,-32.33,-0.09,-0.15,0.09,4.09,11.75,-18.77,35.55,0.16,-0.63,0.86
31.714,6,-0.495,0.01,-0.01,0.87,253.45,-0.29,-1.73,0.48,0.12,0.28,3.96,-36.32,100.86,19.38,-0.07,0.37,1.28
31.78,1,0.843,-0.04,0.05,0.53,78.69,7.28,-0.92,-0.2,-0.51,0.03,4.09,-38.91,13.58,-107.88,0.14,0.32,1.13
31.781,3,0.72,0.26,0.13,0.63,93.95,-7.72,33.26,0.11,0.12,-0.04,4.09,-16.48,2.59,14.95,0.04,0.43,0.85
31.785,7,0.846,0.02,-0.05,-0.53,309.68,-3.8,5.6,0.02,0.07,0.22,4.09,114.59,87.89,-79.96,0.18,0.25,1.07
31.786,5,-0.822,-0.29,-0.33,0.36,336.16,48.4,21.69,0.17,0.06,0.07,4.01,-1.22,9.46,27.01,-0.68,0.35,0.76
31.79,0,0.803,-0.16,0.14,0.56,82.28,23.65,-5.97,-0.31,0.1,-0.02,4.09,-11.29,22.74,7.63,-0.58,0.15,0.84
31.792,4,0.38,0.12,0.42,-0.81,231.04,31.53,-44.33,-0.05,0.02,0.14,3.93,-5.95,-1.68,18.01,-0.49,-0.59,0.64
31.795,2,-0.169,0.05,0.27,-0.95,173.81,-0.05,-31.9,-0.11,0.14,-0.1,4.09,8.09,-11.14,45.01,0.03,-0.37,0.86
31.797,6,-0.491,-0.05,-0.08,0.87,252.78,9.7,-4.79,0.11,0.28,-0.17,3.96,-24.57,98.27,-12.21,0.06,0.17,0.83
31.878,1,0.871,-0.07,0.05,0.48,71.99,8.51,-4.06,0.08,-0.27,-0.19,4.09,-16.33,0.15,-63.32,0.17,0.02,0.85
31.879,3,0.723,0.25,0.13,0.63,94.12,-7.4,32.18,0.09,0.16,-0.09,4.09,2.9,4.58,-3.81,0.02,0.35,0.83
31.883,7,0.798,0.16,-0.06,-0.58,302.99,4.58,18.8,-0.24,0.46,-0.08,4.09,130.62,71.26,-92.93,0.25,-0.03,0.92
31.884,5,-0.826,-0.31,-0.33,0.34,341.33,48.62,26.06,0.01,-0.02,0.01,4.01,8.54,16.17,19.99,-0.74,0.31,0.57
31.888,0,0.797,-0.17,0.15,0.56,82.58,26.03,-6.46,-0.18,0.07,-0.1,4.09,-6.71,16.48,9,-0.5,0.07,0.78
31.89,4,0.389,0.12,0.44,-0.8,231.71,32.68,-46.26,-0.09,-0,-0.02,3.93,-35.1,1.98,7.93,-0.56,-0.71,0.62
31.894,2,-0.13,0.05,0.27,-0.95,178.14,1.24,-32.28,-0.05,0.06,-0.08,4.09,-14.8,-13.89,42.72,-0,-0.4,0.79
31.895,6,-0.479,-0.1,-0.13,0.86,250.93,16.83,-7.84,-0.08,0.15,-0.33,3.96,-31.43,44.25,1.37,-0.07,-0.11,0.67
31.976,1,0.889,-0.08,0.03,0.45,67.28,7.17,-6.17,-0,-0.26,-0.05,4.09,-9.61,0.46,-43.95,0.1,0.01,0.95
31.978,3,0.712,0.25,0.13,0.64,95.7,-8.16,32.3,0.06,0.04,0.03,4.09,16.02,8.85,35.71,0.11,0.49,0.9
31.981,7,0.754,0.25,-0.07,-0.6,299.9,12,28.25,-0.15,0.33,-0.53,4.09,77.51,29.3,5.95,0.13,0.18,0.56
31.982,5,-0.826,-0.32,-0.33,0.32,344.29,49.39,28.18,0.06,-0,0.13,4.01,-12.21,17.4,7.32,-0.71,0.35,0.63
31.986,0,0.791,-0.18,0.16,0.56,83.18,27.16,-6.82,-0.2,-0,-0.11,4.09,1.22,6.56,14.5,-0.47,0.1,0.78
31.987,4,0.4,0.12,0.46,-0.78,232.4,33.72,-49.14,-0.05,-0.03,0.09,3.93,-40.59,-0.15,-2.59,-0.56,-0.73,0.55
31.991,2,-0.095,0.05,0.29,-0.95,181.92,2.24,-33.63,-0,0.03,-0.08,4.09,-12.82,-15.26,30.06,-0.04,-0.48,0.78
31.993,6,-0.489,-0.11,-0.16,0.85,252.15,19.63,-9.84,-0.22,-0.23,0.16,3.96,-43.79,8.39,-12.82,-0.47,-0.42,0.91
32.095,1,0.899,-0.08,0.02,0.43,64.7,6.3,-7.78,0.07,-0.36,-0.07,4.09,-20.9,7.63,-33.11,0.22,0.04,0.97
32.097,3,0.703,0.26,0.14,0.65,96.67,-8.14,33.84,0.24,0,0.12,4.09,9,1.53,29.6,0.19,0.43,1.05
32.1,0,0.794,-0.17,0.16,0.56,83.17,26.59,-5.75,-0.14,-0.04,-0.02,4.09,8.39,-11.6,-6.71,-0.45,0.05,0.88
32.102,5,-0.833,-0.31,-0.35,0.3,347.76,49.62,28.49,-0.04,0.04,-0.06,4.01,-38.3,6.56,25.02,-0.8,0.28,0.49
32.106,7,0.718,0.29,-0.08,-0.63,296.2,14.59,32.76,0.06,0.02,-0.37,4.09,19.84,-43.64,-79.04,-0.13,0.38,0.5
32.107,4,0.408,0.11,0.48,-0.77,233.4,33.64,-51.1,-0.11,-0.06,-0.03,3.93,-16.48,-25.79,0,-0.46,-0.63,0.37
32.111,2,-0.08,0.04,0.3,-0.95,183.71,2.12,-35.12,-0.04,-0.07,0.05,4.09,-14.34,-21.51,7.17,0.01,-0.66,0.83
32.112,6,-0.511,-0.09,-0.17,0.84,254.8,18.84,-12.38,0.18,0.92,0.23,3.96,-21.36,16.33,122.22,0.6,1.15,0.74
32.194,1,0.904,-0.1,0.01,0.42,63.11,5.34,-10.09,0.35,-0.44,-0.01,4.09,-27.92,-5.95,-27.01,0.43,-0.17,1.04
32.195,3,0.686,0.26,0.13,0.66,99.26,-9.68,33.23,-0.02,0.01,0.08,4.09,-5.49,12.82,39.37,0.14,0.61,0.9
32.199,0,0.797,-0.16,0.15,0.57,83.69,24.07,-5.3,-0.12,-0.14,0.07,4.09,-11.14,-36.01,15.56,-0.37,0.1,1.09
32.2,5,-0.847,-0.29,-0.35,0.28,350.07,48.9,26.45,0.05,0.04,-0.07,4.01,-32.04,-2.14,3.51,-0.76,0.23,0.62
32.204,2,-0.065,0.04,0.31,-0.95,185.66,1.56,-36.25,-0.12,-0.12,0.05,4.09,0.76,-20.14,-7.93,0.1,-0.72,0.79
32.205,4,0.428,0.09,0.47,-0.77,236.95,32.43,-49.31,-0.21,0.04,0.13,3.93,1.22,-35.4,21.97,-0.27,-0.62,0.46
32.21,7,0.688,0.28,-0.12,-0.66,290.22,12.28,33.47,-0.27,-0.14,-0.24,4.09,0,-39.52,15.87,-0.36,0.18,0.7
32.211,6,-0.499,-0.03,-0.13,0.86,253.48,10.97,-11.24,0.11,0.16,0.19,3.96,15.41,-43.64,21.21,-0.1,0,1.15
32.278,1,0.9,-0.1,-0,0.42,64.07,4.63,-10.4,-0.06,-0.06,-0.1,4.09,24.11,1.07,50.66,-0.06,-0.12,0.79
32.28,3,0.67,0.26,0.14,0.68,102.33,-9.51,32.88,-0.25,0.15,0.03,4.09,37.38,9.31,-29.14,0.01,0.69,0.82
32.283,7,0.732,0.28,-0.1,-0.61,297.47,10.88,33.01,0.17,0.7,-1.97,4.09,-100.56,-133.51,93.54,0.71,0.36,-0.07
32.285,4,0.445,0.09,0.45,-0.77,239.74,32.8,-47.23,-0.26,0.06,0.08,3.93,7.32,-13.89,30.36,-0.5,-0.81,0.55
32.289,0,0.784,-0.16,0.13,0.58,86.19,23.25,-6.2,-0.3,0.11,-0.1,4.09,-12.51,6.87,26.25,-0.52,0.22,0.77
32.291,5,-0.856,-0.27,-0.35,0.27,350.71,48.24,24.55,-0.01,0,-0.04,4.01,-22.58,-7.63,8.24,-0.83,0.25,0.65
32.295,2,-0.068,0.03,0.3,-0.95,185.67,0.56,-35.49,-0.05,0.04,0.07,4.09,-12.21,-9,59.2,0.03,-0.49,0.87
32.296,6,-0.487,0,-0.09,0.87,252.27,4.92,-9.02,-0.16,0.04,0.01,3.96,27.31,-72.02,-33.57,0.03,-0.29,0.98
32.377,1,0.866,-0.08,0.01,0.49,73.09,5.99,-7.13,0.16,-0.2,0.15,4.09,19.23,-18.01,132.75,0.06,-0.07,1.13
32.379,3,0.677,0.25,0.16,0.67,101.58,-7,34.22,-0.02,0.14,-0.08,4.09,-11.29,16.78,21.67,-0.07,0.56,0.74
32.382,7,0.778,0.2,-0.15,-0.58,300.99,-0.11,29.3,-0.03,0.48,-0.2,4.09,-53.41,-26.4,119.78,0.45,0.37,0.8
32.384,5,-0.862,-0.26,-0.35,0.25,352.16,47.69,24.27,-0.03,0.07,-0.09,4.01,-9.16,2.75,13.12,-0.75,0.2,0.64
32.387,0,0.775,-0.17,0.13,0.59,87.5,24.17,-6.48,-0.14,0.05,0,4.09,-20.9,17.55,28.08,-0.51,0.05,0.86
32.389,4,0.466,0.09,0.44,-0.76,242.81,33.89,-44.83,-0.25,0.03,0,3.93,3.97,-11.75,35.25,-0.46,-0.67,0.58
32.413,2,-0.029,0.03,0.3,-0.95,189.9,2.23,-35.14,-0.12,-0.07,-0.03,4.09,21.21,-14.5,-4.73,0.08,-0.7,0.76
32.415,6,-0.486,0.03,-0.04,0.87,252.39,-0.77,-5.77,0.1,0.1,0,3.96,34.18,-60.42,-35.55,0.04,0.07,1.02
32.484,1,0.819,-0.07,0.01,0.57,83.36,5.49,-5.84,0.07,-0.32,-0.19,4.09,9.61,-40.44,106.81,0.18,-0.05,0.86
32.486,3,0.676,0.25,0.17,0.67,102.06,-5.89,34.33,0.05,0.13,-0.06,4.09,7.32,9.46,-4.27,-0.02,0.48,0.83
32.49,7,0.816,0.14,-0.17,-0.53,305.89,-7.65,24.46,0.05,-0.05,-0.03,4.09,-50.2,-43.33,20.75,0.11,0.37,0.85
32.492,5,-0.864,-0.27,-0.35,0.24,354.3,47.62,25.49,0.04,-0.03,-0.06,4.01,-3.97,8.85,11.6,-0.64,0.29,0.55
32.495,2,-0.009,0.03,0.3,-0.95,191.94,3.27,-34.55,-0.1,0.11,-0.13,4.09,3.81,-10.83,40.13,0.04,-0.4,0.76
32.497,4,0.488,0.1,0.44,-0.75,245.87,35.33,-43.35,-0.17,-0.02,-0.11,3.93,-8.09,-4.58,18.92,-0.53,-0.69,0.53
32.501,0,0.76,-0.19,0.14,0.61,89.41,26.07,-7.9,-0.19,0.06,-0.12,4.09,-23.35,12.82,26.86,-0.5,0.03,0.76
32.508,6,-0.438,0.07,0.02,0.9,246.23,-7.86,-1.39,-0.03,-0.14,-0.03,3.96,44.86,-74.77,-43.03,0.05,-0.18,0.99
32.596,1,0.774,-0.05,0,0.63,92.15,4.37,-4.5,0.01,-0.28,-0.11,4.09,13.58,-0.92,85.45,0.28,-0.02,0.87
32.598,3,0.671,0.24,0.18,0.68,103.08,-5,34.6,0.04,0.04,-0,4.09,3.66,10.99,15.26,0.03,0.53,0.86
32.602,7,0.846,0.06,-0.19,-0.49,311.07,-14.9,17.67,-0.12,-0.25,-0.01,4.09,-54.32,-35.55,118.41,-0.01,0.31,0.97
32.603,5,-0.865,-0.27,-0.36,0.23,356.04,47.71,26.36,-0.03,0.01,0.02,4.01,-5.65,4.88,13.89,-0.7,0.25,0.57
32.607,0,0.741,-0.21,0.13,0.63,92.22,26.73,-9.32,-0.11,0.05,-0.07,4.09,-32.65,0.61,42.72,-0.48,-0.03,0.81
32.609,4,0.503,0.1,0.44,-0.74,248.04,36.43,-42.64,-0.15,-0,-0,3.93,-7.17,-6.87,6.56,-0.5,-0.76,0.59
32.613,2,0.018,0.03,0.29,-0.96,195.1,3.75,-34.18,-0.01,-0.07,0.05,4.09,-10.07,-14.65,30.36,-0.05,-0.64,0.83
32.614,6,-0.415,0.09,0.08,0.9,243.03,-13.68,3.83,0.26,-0.26,0.13,3.96,45.93,-58.44,-51.73,-0.11,0.13,1.22
32.695,1,0.742,-0.04,0.01,0.67,97.95,3.88,-3.03,0.18,-0.47,-0.08,4.09,30.21,-33.26,68.51,0.42,-0.17,0.96
32.697,3,0.656,0.23,0.18,0.69,105.82,-5.08,34,0.03,0.05,0.03,4.09,-6.41,7.02,39.67,0.04,0.54,0.9
32.702,7,0.883,-0,-0.2,-0.43,320.78,-20.43,10.03,0.14,-0.42,0.14,4.09,-48.98,-21.51,64.39,0.15,0.55,1.09
32.703,5,-0.87,-0.27,-0.36,0.21,359.16,47.06,27.82,-0.03,-0.07,-0.02,4.01,-15.87,6.1,35.86,-0.76,0.44,0.51
32.707,0,0.714,-0.22,0.11,0.66,96.62,26.64,-10.38,-0.11,-0.02,0.07,4.09,-34.03,-19.23,40.74,-0.48,-0.07,0.98
32.708,4,0.519,0.1,0.43,-0.73,250.66,36.74,-41.08,-0.15,-0.09,-0.01,3.93,-5.95,-22.89,3.51,-0.57,-0.73,0.49
32.712,2,0.054,0.03,0.3,-0.95,199.01,5.05,-34.67,-0.07,-0.01,0.02,4.09,-9.31,-25.33,19.53,-0.02,-0.61,0.83
32.713,6,-0.382,0.08,0.11,0.91,238.45,-12.93,8.5,0.48,-0.55,0.09,3.96,-6.56,137.63,10.38,-0.42,0.12,1.2
32.794,1,0.713,-0.03,0.01,0.7,103.08,2.95,-1.17,0,-0.47,0.03,4.09,26.25,-22.28,60.42,0.33,-0.02,1.06
32.795,3,0.622,0.22,0.17,0.73,111.69,-6.31,31.26,-0.03,-0.11,0.14,4.09,-41.96,28.99,53.71,0.22,0.61,0.92
32.799,7,0.896,-0.04,-0.2,-0.4,325.36,-22.9,5.25,-0.36,-0.86,-0.07,4.09,-11.9,-3.97,68.05,-0.5,0.48,1.21
32.8,4,0.537,0.09,0.41,-0.73,254.2,35.18,-38.13,-0.22,0.15,0,3.93,3.51,-18.46,15.41,-0.34,-0.74,0.73
32.803,0,0.693,-0.22,0.09,0.68,100.76,24.59,-11.27,-0.25,-0.1,0.2,4.09,-33.26,-24.41,50.96,-0.44,0.12,1.3
32.805,5,-0.881,-0.26,-0.35,0.18,2.27,45.7,27.62,-0.03,0.07,-0.01,4.01,-25.02,-2.9,25.48,-0.73,0.24,0.61
32.81,2,0.085,0.01,0.3,-0.95,203.05,4.1,-34.75,-0.15,-0.17,0.1,4.09,-2.59,-43.18,49.9,0.06,-0.75,0.81
32.811,6,-0.416,-0.02,0.05,0.91,243.33,0.08,6.1,-0.33,0.1,0.34,3.96,-63.02,139.01,147.25,0.28,0.03,1.34
32.892,1,0.696,-0.04,-0,0.72,105.7,2.92,-3.3,-0.54,-0.06,-0.09,4.09,-41.66,33.42,-16.17,0.06,0.49,0.95
32.893,3,0.611,0.19,0.17,0.75,114.53,-4.4,29.32,0.01,0.2,-0.02,4.09,-5.49,19.84,5.95,-0.08,0.5,0.85
32.897,7,0.929,0.01,-0.11,-0.35,332.04,-11.79,6.03,0.25,0.29,0.27,4.09,75.84,155.18,103,0.65,0.11,1.19
32.899,4,0.555,0.09,0.4,-0.72,257.34,35.17,-36.3,-0.1,-0.07,-0.01,3.93,-9.16,-23.35,18.62,-0.53,-0.77,0.68
32.902,0,0.681,-0.22,0.07,0.69,102.43,24.04,-12.65,-0.39,0.15,0.01,4.09,-18.62,8.54,19.68,-0.58,0.19,0.92
32.903,5,-0.89,-0.25,-0.35,0.16,5.71,44.13,27.96,-0.05,-0.03,-0.13,4.01,-19.23,1.37,27.92,-0.78,0.36,0.59
32.908,2,0.128,-0,0.29,-0.95,208.13,4.25,-33.61,-0.18,0.21,-0.08,4.09,6.56,-19.53,51.42,0.14,-0.35,0.89
32.909,6,-0.502,-0.12,-0.04,0.86,255.26,14.13,3,-0.15,0.41,-0.19,3.96,-38.76,128.02,25.18,0.21,0.06,0.91
32.989,1,0.725,-0.07,-0.01,0.69,100.58,4.5,-7.18,-0.26,-0.11,0.08,4.09,-26.7,8.85,-88.04,0.04,0.07,1.07
32.991,3,0.602,0.17,0.17,0.76,116.52,-2.88,28.23,-0.11,0.09,-0.1,4.09,-4.27,18.62,1.68,-0.07,0.5,0.76
32.995,7,0.934,0.13,-0.09,-0.32,335.36,-4.75,17.72,-0.36,0.07,0.48,4.09,159.61,95.52,-62.26,0.03,0.14,1.46
32.996,5,-0.894,-0.25,-0.35,0.13,9.7,43.47,29.33,-0.04,0.01,0.02,4.01,-6.87,19.84,28.38,-0.74,0.4,0.62
33,0,0.676,-0.23,0.08,0.7,102.88,24.87,-12.81,-0.34,0.1,-0.08,4.09,-0.76,9.46,11.6,-0.49,0.15,0.82
33.001,4,0.58,0.08,0.4,-0.71,261.47,35.21,-34.62,-0.21,0.07,-0.1,3.93,-15.11,-15.11,29.6,-0.52,-0.45,0.55
33.005,2,0.167,-0,0.28,-0.94,212.62,5.23,-32.31,-0.12,0.09,0.02,4.09,2.75,-12.36,37.08,0.06,-0.49,0.91
33.008,6,-0.538,-0.19,-0.11,0.81,261.29,24.94,1.51,-0.17,0.48,-0.56,3.96,-47.15,55.08,61.49,0.26,0.04,0.63
33.086,1,0.754,-0.09,-0.03,0.65,95.37,3.81,-9.7,-0.19,-0.37,-0.12,4.09,-18.31,-11.9,-74.92,0.14,0.07,0.98
33.088,3,0.59,0.16,0.18,0.77,118.89,-1.41,27.69,0.08,0.06,-0.15,4.09,-2.29,0.61,36.62,-0.05,0.34,0.79
33.093,7,0.893,0.28,-0.06,-0.35,332.92,5.16,32.84,-0.24,0.63,-0.3,4.09,116.88,66.22,-77.51,0.22,-0.25,0.91
33.094,5,-0.891,-0.25,-0.36,0.1,14.92,44.28,32.16,-0.05,0.1,-0.02,4.01,-9,36.01,25.94,-0.69,0.24,0.59
33.098,0,0.678,-0.22,0.09,0.7,103.19,25.24,-10.78,-0.23,0.1,-0.11,4.09,5.04,1.83,10.22,-0.48,0.08,0.79
33.099,4,0.605,0.07,0.39,-0.69,265.7,34.88,-34.05,-0.18,0.06,0.01,3.93,-25.94,-24.57,21.21,-0.49,-0.63,0.67
33.103,2,0.195,-0,0.28,-0.94,215.84,5.66,-31.71,-0.07,0.1,0,4.09,-3.2,-9.31,18.31,-0,-0.47,0.89
33.105,6,-0.604,-0.21,-0.13,0.76,272.02,27.9,3.63,-0.07,-0.03,-0.27,3.96,-5.04,-17.55,150.76,-0.56,-0.14,0.8
33.204,1,0.776,-0.1,-0.04,0.62,90.92,3.56,-12.53,-0.04,-0.29,-0.15,4.09,-34.48,12.82,-40.44,0.23,-0.08,0.87
33.206,3,0.559,0.16,0.18,0.79,122.88,-3.53,27.83,-0.09,-0.05,0.19,4.09,6.41,-19.38,104.22,0.18,0.62,1.03
33.21,7,0.857,0.36,-0.05,-0.37,331.2,9.68,41.29,-0.05,0.34,-0.74,4.09,38.15,-36.01,-25.63,0.15,-0.02,0.4
33.211,5,-0.89,-0.24,-0.38,0.07,19.69,44.88,33.1,-0.05,-0.08,0.12,4.01,-41.5,13.89,7.63,-0.76,0.5,0.58
33.215,0,0.683,-0.21,0.09,0.69,102.86,24.32,-9.84,-0.2,0.06,-0.13,4.09,9.61,-14.8,-3.05,-0.42,0.07,0.79
33.216,4,0.624,0.05,0.39,-0.67,268.98,33.68,-34.43,-0.26,-0.03,0.06,3.93,-18.62,-30.82,9.77,-0.54,-0.74,0.61
33.22,2,0.202,-0.01,0.28,-0.94,216.81,5.31,-31.56,-0.08,0.03,-0.06,4.09,-9.92,-8.7,-1.83,-0,-0.49,0.8
33.221,6,-0.684,-0.19,-0.12,0.69,284.66,25.59,6.09,0,0.01,0.13,3.96,-44.56,-8.24,75.53,-0.62,0.12,1.02
33.303,1,0.78,-0.13,-0.05,0.61,89.54,4.12,-15.37,0.04,-0.56,-0.08,4.09,-21.51,-3.66,3.97,0.5,-0.17,0.96
33.305,3,0.527,0.18,0.18,0.81,126.44,-6.28,28.67,0.04,-0.03,0.05,4.09,9.16,-7.32,46.54,0.12,0.44,0.92
33.31,7,0.839,0.33,-0.09,-0.42,323.68,7.21,40.08,-0.55,-0.46,0.35,4.09,-1.98,-31.43,30.67,-0.83,0.69,1.03
33.311,4,0.646,0.02,0.38,-0.66,273.05,30.96,-33.46,-0.19,0.09,-0.08,3.93,-8.09,-48.52,11.9,-0.42,-0.69,0.6
33.315,0,0.688,-0.18,0.08,0.7,103.28,21.79,-8.25,-0.12,-0.02,0.08,4.09,0.15,-33.11,20.29,-0.38,-0.03,1.05
33.316,5,-0.897,-0.21,-0.39,0.04,21.77,45.41,29.13,-0.09,0.04,-0.05,4.01,-66.38,18.31,3.81,-0.68,0.18,0.54
33.32,2,0.197,-0.02,0.28,-0.94,216.62,3.93,-32.36,-0.24,-0.14,0.1,4.09,-1.22,-11.9,-16.02,0.1,-0.79,0.81
33.322,6,-0.697,-0.18,-0.12,0.68,286.51,24.64,5.68,0.86,1.24,-1.28,3.96,10.83,-73.55,-147.4,1.15,0.68,0.26
33.402,1,0.771,-0.13,-0.07,0.62,91.05,3.51,-16.51,0.02,-0.27,-0,4.09,-0.31,1.53,31.43,0.16,-0.28,1.03
33.403,3,0.492,0.19,0.17,0.83,130.8,-8.5,27.99,-0.26,0.4,0.04,4.09,-27.77,22.74,40.74,-0.14,0.91,0.74
33.407,7,0.863,0.32,-0.12,-0.38,327.59,2.12,39.4,0.46,0.5,0.16,4.09,-27.01,12.66,149.38,0.88,0.82,0.88
33.409,5,-0.903,-0.17,-0.39,0.01,24.11,45.49,25.76,-0.03,0.01,0.01,4.01,-34.33,-7.63,19.84,-0.71,0.27,0.63
33.413,0,0.667,-0.16,0.06,0.72,107.54,18.65,-7.81,-0.19,0,0.05,4.09,-23.5,-29.75,69.27,-0.37,0.1,0.95
33.414,4,0.669,0,0.36,-0.65,277.13,28.83,-32.05,-0.21,0.04,0,3.93,-2.29,-16.33,24.26,-0.39,-0.66,0.66
33.419,2,0.177,-0.03,0.27,-0.95,214.73,1.78,-31.47,-0.31,-0.15,0.15,4.09,10.68,0.31,-10.99,0.21,-0.82,0.86
33.42,6,-0.682,-0.14,-0.06,0.71,282.27,16.76,6.02,0.14,0.49,-0.2,3.96,8.54,-62.87,18.01,0.24,0.21,0.87
33.501,1,0.736,-0.11,-0.04,0.67,97.79,4.71,-12.74,0.11,-0.08,0.27,4.09,67.44,-22.89,124.97,-0.07,-0.36,1.2
33.502,3,0.494,0.17,0.19,0.83,131.1,-6.01,28.88,0.04,0.1,-0.01,4.09,6.1,25.48,5.95,-0.02,0.51,0.89
33.506,7,0.888,0.29,-0.15,-0.32,332.34,-5.08,37.77,0.47,2.03,-1.23,4.09,-107.12,252.53,115.36,1.71,-0.94,-0.56
33.508,5,-0.909,-0.16,-0.39,-0.01,25.68,44.29,24.17,-0.11,0.05,0.02,4.01,-17.4,-3.51,15.72,-0.83,0.31,0.68
33.512,0,0.632,-0.16,0.05,0.76,113.24,17.43,-7.45,-0.32,0.28,-0.03,4.09,-14.04,10.53,50.81,-0.48,0.29,0.86
33.513,4,0.688,-0,0.35,-0.63,280.61,28.73,-30.92,-0.2,0.04,-0.1,3.93,-3.81,-11.14,26.55,-0.4,-0.67,0.64
33.518,2,0.198,-0.03,0.26,-0.94,217.03,2.53,-30.5,-0.08,0.15,0.03,4.09,6.1,-11.44,42.11,0.06,-0.38,0.92
33.519,6,-0.668,-0.11,-0,0.74,279.27,9.61,8.34,-0.25,0.2,-0.01,3.96,30.98,-78.12,-22.89,0.02,-0.04,1.02
33.594,1,0.661,-0.1,-0.01,0.74,110.21,7.85,-8.75,0,-0.45,-0.13,4.09,25.33,-11.29,153.35,0.39,-0.09,0.83
33.595,3,0.487,0.15,0.2,0.84,132.75,-3.16,28.99,0.03,0.12,-0.06,4.09,2.75,34.64,16.63,-0.08,0.48,0.86
33.598,7,0.924,0.23,-0.21,-0.22,341.82,-16.74,32.29,0.03,-0.21,-0.27,4.09,-33.72,-18.77,101.01,0.36,0.51,0.63
33.6,4,0.707,-0.01,0.35,-0.61,284.09,29.42,-30.34,-0.14,-0.02,-0.1,3.93,-13.89,-5.95,19.38,-0.51,-0.63,0.68
33.603,0,0.603,-0.16,0.05,0.78,117.71,17.99,-6.43,-0.15,0.19,-0.09,4.09,-17.55,3.81,41.5,-0.4,0.1,0.81
33.605,5,-0.912,-0.15,-0.38,-0.03,27.27,43.14,24.04,-0.01,-0.03,0.06,4.01,-6.56,-3.81,8.7,-0.68,0.26,0.64
33.609,2,0.229,-0.04,0.26,-0.94,220.82,2.49,-30.11,-0.15,0.07,-0.06,4.09,-5.19,-8.09,4.43,0.11,-0.53,0.78
33.611,6,-0.638,-0.08,0.07,0.76,273.98,1.71,11.82,0.06,-0.08,0.05,3.96,32.5,-91.86,-66.22,-0.14,0.28,0.93
33.693,1,0.578,-0.07,0,0.81,122.95,6.87,-4.82,-0.1,-0.18,0.04,4.09,32.35,2.75,113.07,0.18,-0.08,1.02
33.694,3,0.469,0.13,0.21,0.85,135.79,-1.03,28.86,0.03,0.07,-0.02,4.09,6.71,22.89,29.14,-0.05,0.49,0.86
33.699,7,0.938,0.17,-0.24,-0.18,347.31,-23.03,26.56,-0.04,-0.07,-0.08,4.09,-23.65,-46.23,66.83,0.33,0.3,0.88
33.7,4,0.721,-0.02,0.36,-0.59,286.68,30,-31.37,-0.27,0.09,0.02,3.93,-23.65,-3.36,20.45,-0.44,-0.7,0.64
33.704,0,0.57,-0.16,0.05,0.8,122.3,18.47,-6.47,-0.11,0.12,-0.05,4.09,-26.4,12.21,61.49,-0.39,0.04,0.89
33.705,5,-0.912,-0.15,-0.38,-0.03,28.06,43,24.12,-0.01,0.03,-0.02,4.01,-0.76,5.19,9.77,-0.7,0.25,0.64
33.71,2,0.246,-0.05,0.27,-0.93,222.95,2.57,-31.22,-0.07,0.01,-0.06,4.09,-6.56,-2.59,42.57,0.03,-0.51,0.8
33.711,6,-0.585,-0.06,0.15,0.8,266,-4.57,17.71,-0.29,-0.13,0.08,3.96,44.56,-58.9,-20.75,-0.05,0.15,1.15
33.81,1,0.513,-0.06,0.02,0.86,132.21,6.95,-0.9,-0.14,-0.35,-0.05,4.09,26.55,-27.16,102.23,0.24,-0.06,0.99
33.811,3,0.435,0.11,0.22,0.87,140.59,-0.28,28.6,0.05,0.04,-0.05,4.09,-8.24,32.96,76.45,-0.04,0.46,0.87
33.815,7,0.95,0.12,-0.27,-0.09,357.69,-29.46,19,-0.25,-0.26,0.1,4.09,-21.67,0,103.3,0.25,0.56,0.92
33.816,5,-0.911,-0.15,-0.38,-0.04,29.02,43.29,24.6,-0.08,-0.04,0.03,4.01,-6.87,11.75,1.68,-0.73,0.3,0.59
33.82,0,0.53,-0.17,0.05,0.83,127.84,19.5,-5.83,-0.14,0.1,-0,4.09,-23.35,8.7,50.81,-0.36,0.07,0.93
33.821,4,0.734,-0.03,0.37,-0.57,289.24,30.12,-32.68,-0.25,0.03,0.09,3.93,-29.91,-20.75,6.56,-0.49,-0.74,0.66
33.825,2,0.268,-0.05,0.27,-0.92,225.55,2.96,-31.74,-0.07,0.01,-0.01,4.09,-3.2,-11.6,5.65,0.01,-0.56,0.84
33.827,6,-0.562,-0.06,0.2,0.8,262.71,-7.71,23.24,-0.19,-0.81,0.05,3.96,40.89,7.48,-11.6,-0.54,0.02,1.25
33.907,1,0.455,-0.04,0.04,0.89,139.88,5.99,2.24,-0.26,-0.45,-0.16,4.09,36.32,-7.02,82.4,0.41,-0.02,0.89
33.909,3,0.368,0.1,0.21,0.9,149.24,-1.56,26.97,0.01,-0.04,0.01,4.09,-27.16,19.99,94.76,0.04,0.45,0.94
33.913,7,0.956,0.09,-0.28,-0.02,8.69,-32.12,12.19,-0.22,-0.04,-0.01,4.09,-17.85,-14.65,97.05,0.32,0.23,0.95
33.914,5,-0.907,-0.14,-0.39,-0.05,31.04,44.35,24.65,-0.09,0.05,-0.03,4.01,-21.51,18.77,17.7,-0.79,0.23,0.57
33.917,0,0.49,-0.17,0.05,0.85,133.51,19.5,-5.18,-0.04,0.02,-0.04,4.09,-27.16,-3.51,64.7,-0.31,-0.03,0.92
33.919,4,0.753,-0.05,0.35,-0.55,293.24,27.84,-32.06,-0.2,0.06,0.03,3.93,-7.17,-37.99,20.75,-0.46,-0.63,0.63
33.922,2,0.285,-0.06,0.27,-0.92,227.84,2.56,-32.43,-0.17,-0.09,0.03,4.09,4.73,-19.38,42.11,0.05,-0.69,0.78
33.929,6,-0.554,-0.14,0.18,0.8,263.87,1.65,26.59,-1.12,0.18,0.13,3.96,-26.09,162.05,44.71,0.53,-0.32,1.47
34.005,1,0.399,-0.01,0.06,0.91,147.1,4.43,5.94,-0.23,-0.27,-0.03,4.09,32.65,3.05,62.41,0.25,0.12,1.02
34.007,3,0.305,0.08,0.19,0.93,157.16,-2.35,24.01,-0.1,0.15,0.22,4.09,-41.35,37.38,61.95,0.07,0.73,1.02
34.011,7,0.955,0.06,-0.28,0.05,19,-33.37,5.28,-0.5,-0.47,-0.06,4.09,-3.66,7.63,86.36,0.13,0.64,1.02
34.012,5,-0.907,-0.13,-0.39,-0.08,33.56,44.03,24.1,-0.07,0.07,0,4.01,-21.67,-10.53,30.21,-0.76,0.28,0.66
34.016,0,0.44,-0.15,0.03,0.88,140.41,17.45,-4.38,-0.22,0.1,0.24,4.09,-18.16,-24.41,53.1,-0.3,0.26,1.28
34.017,4,0.776,-0.06,0.32,-0.54,297.72,25.85,-29.49,-0.24,0.08,-0.04,3.93,9.92,-21.36,32.2,-0.42,-0.65,0.64
34.02,2,0.314,-0.07,0.28,-0.91,231.52,2.54,-33.11,-0.16,-0.11,0.06,4.09,-11.9,-15.26,13.28,0.03,-0.76,0.81
34.022,6,-0.675,-0.19,0.09,0.71,283.02,7.79,22.95,-0.45,0.5,0.06,3.96,-84.53,123.6,248.11,0.37,0.26,1.34
34.104,1,0.371,-0.02,0.06,0.93,150.64,4.56,5.93,0.1,0.2,0.26,4.09,-31.74,35.4,-23.35,-0.41,0.25,1.2
34.106,3,0.287,0.06,0.19,0.94,159.93,-0.48,23.14,0.07,0.21,-0.02,4.09,0.92,24.41,-18.46,-0.14,0.43,0.82
34.11,7,0.966,0.06,-0.23,0.11,26.29,-26.69,4.1,-0.6,0.32,0.09,4.09,31.89,170.14,45.32,0.03,-0.13,1.3
34.111,5,-0.908,-0.13,-0.39,-0.1,36.44,42.4,24.67,-0.05,0.08,-0.03,4.01,-1.83,4.12,27.77,-0.71,0.32,0.72
34.115,0,0.399,-0.14,0.03,0.91,146.05,15.57,-3.55,-0.02,0.23,0.04,4.09,-15.41,5.19,42.27,-0.43,0.11,0.95
34.116,4,0.799,-0.06,0.31,-0.51,302.38,26.09,-26.93,-0.16,0.08,-0.08,3.93,-0.15,-11.14,33.57,-0.43,-0.58,0.65
34.12,2,0.342,-0.08,0.27,-0.9,235.06,2.76,-32.87,-0.15,0.15,0,4.09,17.7,-12.82,48.07,0.12,-0.52,0.87
34.121,6,-0.805,-0.21,0.01,0.56,307.03,12.05,20.76,0.42,0.43,-0.07,3.96,-62.87,91.71,43.95,0.33,0.39,0.92
34.205,1,0.387,-0.05,0.06,0.92,148.66,8.27,4.61,-0.24,-0.16,-0.14,4.09,1.68,-15.41,-57.98,0.11,0.14,0.92
34.206,3,0.292,0.05,0.2,0.93,159.65,1.31,23.41,0.17,0.08,-0.14,4.09,-4.27,12.97,18.92,-0.21,0.32,0.81
34.21,7,0.975,0.08,-0.11,0.18,33.97,-13.93,6.56,-0.18,-0.17,0.17,4.09,86.67,101.32,-41.81,0.22,0.36,1.12
34.212,5,-0.899,-0.14,-0.4,-0.12,40.18,43.15,27.68,-0.1,-0.06,-0.01,4.01,9.46,26.4,15.41,-0.75,0.45,0.61
34.215,0,0.371,-0.15,0.03,0.92,149.48,17.18,-3.55,-0.06,0.3,-0.07,4.09,-11.6,23.8,29.45,-0.43,0.21,0.86
34.217,4,0.815,-0.05,0.31,-0.49,306.15,26.83,-25.93,-0.18,-0.06,-0.11,3.93,-9.61,-0.46,24.26,-0.5,-0.61,0.73
34.22,2,0.399,-0.07,0.26,-0.88,241.56,5.48,-30.99,0.1,0.21,-0.13,4.09,18.62,-16.02,61.8,-0.05,-0.26,0.86
34.222,6,-0.842,-0.18,-0.06,0.5,314.64,16.53,15.28,-0.08,0.46,-0.19,3.96,-62.26,50.35,167.85,0.11,0.03,0.82
34.304,1,0.408,-0.03,0.07,0.91,146.07,6.79,6.25,-0.03,-0.29,-0.11,4.09,26.7,-13.43,-13.89,0.14,-0.07,0.92
34.305,3,0.277,0.04,0.2,0.94,161.47,1.54,23.33,0.04,-0.01,0,4.09,-4.88,8.09,7.93,-0.05,0.36,0.95
34.309,7,0.981,0.13,-0,0.15,30.63,-2.34,14.25,0.25,0.4,-0.06,4.09,53.56,118.1,-14.19,0.18,-0.17,0.98
34.311,5,-0.887,-0.14,-0.42,-0.12,42.81,45.6,30.39,-0.14,0.04,0.11,4.01,5.19,34.03,14.65,-0.9,0.39,0.57
34.315,0,0.345,-0.16,0.04,0.92,152.59,19.36,-2.44,-0.09,0.22,-0.08,4.09,-10.53,24.57,25.94,-0.38,0.19,0.85
34.316,4,0.824,-0.06,0.32,-0.47,308.42,27.52,-26.75,-0.22,0.1,-0.05,3.93,-20.75,-7.32,2.44,-0.44,-0.61,0.65
34.339,2,0.42,-0.07,0.26,-0.87,244.13,5.76,-30.29,-0.06,0.05,-0.03,4.09,-2.14,-4.43,37.69,-0.01,-0.49,0.84
34.34,6,-0.914,-0.17,-0.07,0.36,332.55,14.77,14.96,-0.02,0.11,-0.09,3.96,-48.68,-3.2,107.57,-0.23,0.15,0.86
34.404,1,0.412,-0.01,0.08,0.91,145.61,5,7.59,-0.17,-0.16,0.03,4.09,9.92,-20.14,1.22,0.15,0.16,1.03
34.405,3,0.264,0.04,0.2,0.94,163.1,1.71,23,-0.04,0.02,0.02,4.09,9.77,-1.22,15.72,-0,0.43,0.95
34.41,7,0.974,0.15,0.11,0.14,31.44,9.48,19.11,0.22,-0.08,-0.17,4.09,30.06,85.3,-70.19,0.1,0.28,0.8
34.411,5,-0.876,-0.14,-0.44,-0.13,46.01,47.41,32.55,-0.12,0.1,-0.01,4.01,-18.62,15.72,9.31,-0.83,0.28,0.48
34.415,0,0.326,-0.17,0.05,0.93,155.13,20.62,-1.08,-0.11,0.17,-0,4.09,-8.7,14.19,17.4,-0.37,0.19,0.93
34.417,4,0.827,-0.08,0.32,-0.46,309.28,26.9,-28.55,-0.14,0,-0.1,3.93,-14.95,-22.58,1.83,-0.52,-0.51,0.63
34.42,2,0.437,-0.07,0.26,-0.86,246.26,6.37,-30.04,-0.03,0.11,0,4.09,-1.53,-4.43,-0.46,-0.02,-0.48,0.9
34.422,6,-0.941,-0.13,-0.06,0.31,339.08,10.92,11.94,-0.39,0.12,0.14,3.96,-43.03,-32.2,24.72,-0.54,-0.13,1.13
34.502,1,0.403,-0.01,0.09,0.91,146.7,4.93,9.03,-0.21,-0.2,0.08,4.09,5.49,22.58,-0.15,0.2,0.19,1.08
34.503,3,0.237,0.06,0.2,0.95,165.8,-0.74,24.18,-0.05,-0.12,0,4.09,4.73,-19.84,56,0.07,0.4,0.94
34.507,7,0.972,0.15,0.15,0.09,27.73,15.62,19.67,0.04,0.09,-0.41,4.09,-0.31,-2.44,-30.67,-0.17,0.11,0.57
34.508,5,-0.875,-0.12,-0.44,-0.15,47.36,48.03,30.45,-0.1,0.07,0.06,4.01,-52.03,-3.36,5.19,-0.91,0.32,0.56
34.513,0,0.307,-0.17,0.06,0.93,157.7,21.26,0.26,-0.09,0.13,0.06,4.09,-6.26,16.63,14.04,-0.39,0.16,0.99
34.514,4,0.83,-0.11,0.31,-0.45,310.25,24.36,-30.03,-0.16,0.06,-0.03,3.93,-12.97,-23.8,1.22,-0.46,-0.66,0.71
34.518,2,0.438,-0.07,0.26,-0.86,246.39,6.47,-30.23,-0.1,0.09,0.09,4.09,1.07,5.34,8.85,0.02,-0.57,0.93
34.519,6,-0.954,-0.11,-0.04,0.28,342.51,8.25,10.59,0.97,-0.33,-0.25,3.96,20.6,-122.07,14.5,0.31,0.61,0.77
34.621,1,0.404,-0.03,0.1,0.91,146.71,7.09,8.86,-0.39,-0.23,-0.13,4.09,-12.36,23.65,-10.99,0.31,0.26,0.88
34.622,3,0.204,0.08,0.2,0.96,169.02,-4.5,24.39,-0.11,0.19,0.23,4.09,-10.68,0.76,33.87,0.05,0.69,0.9
34.626,7,0.978,0.15,0.13,0.07,23.98,13.4,18.36,-0.23,-0.16,-0.16,4.09,1.98,-71.56,-14.19,-0.48,0.48,0.72
34.628,5,-0.882,-0.08,-0.43,-0.17,47.08,47.16,25.64,-0.07,0.01,0.02,4.01,-39.22,-8.85,-1.22,-0.79,0.25,0.53
34.631,0,0.299,-0.17,0.07,0.94,158.92,21.47,1.3,-0.08,0.22,-0,4.09,9.92,2.59,-7.48,-0.42,0.24,0.88
34.633,4,0.838,-0.13,0.29,-0.44,312.12,21.92,-30.43,-0.08,0.11,-0.06,3.93,-8.85,-28.38,7.17,-0.36,-0.56,0.76
34.637,2,0.436,-0.06,0.26,-0.86,245.82,7.25,-30.12,-0.04,0.15,0.01,4.09,2.14,11.6,-1.83,-0.01,-0.44,0.91
34.638,6,-0.957,-0.09,0.03,0.27,342.38,-0.19,11.31,0.07,-0.07,-0.05,3.96,10.68,-71.11,22.58,-0,0.12,1
34.719,1,0.409,-0.03,0.09,0.91,146.12,7.77,8.33,0.19,-0.4,-0.09,4.09,7.17,7.63,0.15,0.08,-0.35,0.88
34.721,3,0.18,0.1,0.21,0.96,171.29,-6.44,25.9,0.04,0.04,-0.04,4.09,28.84,-8.24,-13.28,0.06,0.42,0.88
34.727,0,0.308,-0.16,0.08,0.93,158.16,20.86,3.29,0.18,0.13,0,4.09,11.9,-5.65,-24.26,-0.57,0.04,0.85
34.729,5,-0.885,-0.06,-0.43,-0.18,46.38,47.32,21.95,-0.13,0.09,0.02,4.01,-29.75,2.44,-2.44,-0.9,0.17,0.59
34.732,7,0.982,0.15,0.08,0.08,25.12,7.35,18.26,-0.03,0.28,0.1,4.09,-10.99,-68.36,77.21,-0.03,0.03,1.23
34.734,4,0.839,-0.14,0.28,-0.44,312.7,20.31,-31.5,-0.23,0.05,0.16,3.93,-20.29,-9.46,-3.81,-0.3,-0.68,0.72
34.738,2,0.416,-0.06,0.26,-0.87,243.35,6.79,-30.44,-0.05,-0.05,0.05,4.09,-7.78,-1.98,-14.34,-0.14,-0.57,0.86
34.739,6,-0.958,-0.09,0.07,0.26,343,-4.79,12.19,-0.17,0.11,-0.03,3.96,12.51,-16.48,11.9,0.03,0.13,0.93
34.818,1,0.375,-0.03,0.11,0.92,150.43,7.37,10.48,0.13,-0.43,0.01,4.09,29.14,9,102.39,0.06,-0.15,1.1
34.82,3,0.162,0.12,0.21,0.96,172.8,-8.78,26.62,0,0.23,-0.02,4.09,-4.58,-19.23,45.47,0.05,0.62,0.78
34.823,7,0.977,0.14,0.02,0.16,32.34,0.13,16.87,0.19,-0.2,0.08,4.09,-23.8,-42.88,63.63,0.27,0.44,0.95
34.824,5,-0.884,-0.04,-0.43,-0.19,46.47,47.95,19.55,-0.04,0.06,0.01,4.01,-15.72,7.48,1.37,-0.85,0.22,0.67
34.828,0,0.312,-0.16,0.09,0.93,157.84,20.53,4.24,0.26,-0.02,-0,4.09,-3.81,1.83,10.68,-0.53,-0.1,0.88
34.83,4,0.837,-0.17,0.28,-0.44,313.05,19.23,-33.96,-0.15,0.07,-0.03,3.93,-21.82,-7.02,3.2,-0.35,-0.64,0.66
34.833,2,0.415,-0.07,0.27,-0.87,243.55,6.07,-31.68,0.05,-0.04,-0.09,4.09,-6.87,-13.89,-3.36,-0.15,-0.47,0.77
34.835,6,-0.959,-0.1,0.1,0.25,344.39,-7.96,14.06,-0.12,0.19,-0.01,3.96,26.25,-35.25,10.99,0.13,-0.03,1.01
34.917,1,0.301,-0.02,0.13,0.94,159.53,6.71,13.57,0.02,-0.21,-0.01,4.09,12.05,13.12,74.77,0.05,0.06,0.95
34.919,3,0.157,0.13,0.23,0.95,172.6,-10.68,28.87,0.02,0.1,-0.02,4.09,19.68,-16.48,-7.63,0.13,0.54,0.82
34.922,7,0.972,0.13,-0.03,0.2,36.1,-6.69,13.63,-0.09,-0.12,0.01,4.09,-37.54,-57.22,31.28,0.04,0.28,0.97
34.923,5,-0.878,-0.03,-0.44,-0.19,48.05,48.98,20.12,-0.05,0.05,0.01,4.01,-1.37,16.94,0.15,-0.83,0.2,0.58
34.928,0,0.3,-0.16,0.09,0.94,159.23,20.99,4.01,0.13,0.11,-0.06,4.09,-8.39,3.97,3.97,-0.48,0.06,0.8
34.929,4,0.836,-0.18,0.29,-0.43,313.28,19.07,-35.53,-0.13,-0.01,-0.17,3.93,-12.51,0.31,1.53,-0.37,-0.55,0.58
34.933,2,0.4,-0.08,0.27,-0.87,242.11,4.22,-32.77,-0.03,-0.08,-0.04,4.09,-15.26,-11.14,-19.07,-0.1,-0.59,0.76
34.935,6,-0.956,-0.11,0.14,0.24,344.69,-12.18,15.88,-0.1,0.23,0.04,3.96,29.45,-48.52,12.21,0.25,0.03,1.05
35.016,1,0.261,-0,0.14,0.96,164.15,4.57,15.13,-0.02,-0.21,-0.07,4.09,10.68,-17.4,46.08,0.06,0.08,0.94
35.017,3,0.155,0.15,0.24,0.95,172.21,-12.01,30.25,-0.01,0.1,0.02,4.09,1.98,-3.81,3.36,0.21,0.61,0.81
35.021,7,0.965,0.1,-0.09,0.23,39.52,-12.68,8.66,-0.03,-0.03,-0.04,4.09,-52.64,-58.29,63.93,0.2,0.18,0.92
35.022,5,-0.873,-0.04,-0.45,-0.19,48.96,50,21.35,-0.04,0,-0.02,4.01,11.44,6.71,-2.75,-0.75,0.23,0.52
35.026,0,0.299,-0.16,0.09,0.94,159.41,20.81,3.92,0.18,0.03,-0.11,4.09,-6.26,5.04,-6.41,-0.47,-0.04,0.78
35.028,4,0.835,-0.19,0.29,-0.43,313.27,18.93,-36.24,-0.16,-0.07,-0.05,3.93,1.83,0.92,1.53,-0.46,-0.58,0.64
35.032,2,0.407,-0.09,0.28,-0.86,243.22,4.13,-34.42,0.13,-0.1,-0.04,4.09,-7.48,-9,25.02,-0.2,-0.52,0.8
35.034,6,-0.95,-0.12,0.18,0.23,344.63,-16.5,18.65,-0.31,0.04,-0.01,3.96,35.4,-39.98,-5.65,0.04,0.13,1.02
35.114,1,0.233,0.01,0.15,0.96,167.17,2.32,16.75,-0.04,-0.38,-0.13,4.09,19.23,-23.65,38.6,0.18,-0.08,0.96
35.115,3,0.152,0.15,0.25,0.94,172.16,-12.49,31.77,-0.02,0.12,0.12,4.09,8.39,11.29,-31.74,0.22,0.66,0.87
35.119,7,0.941,0.06,-0.16,0.29,48.55,-19.23,1.56,-0.35,-0.15,0.02,4.09,-31.28,-48.83,100.71,0.15,0.34,1.02
35.12,4,0.836,-0.18,0.29,-0.43,313.35,19.77,-35.38,-0.28,0.03,0.11,3.93,15.26,15.56,6.26,-0.35,-0.84,0.66
35.123,0,0.297,-0.16,0.08,0.94,159.63,20.85,3.76,0.13,0,-0.05,4.09,-5.8,5.8,7.48,-0.46,0,0.87
35.125,5,-0.874,-0.05,-0.45,-0.19,48.57,49.62,22.44,0.05,0.01,-0.12,4.01,12.21,-19.07,-1.83,-0.61,0.11,0.44
35.129,2,0.42,-0.09,0.29,-0.85,244.76,5.41,-35.57,0.07,-0.03,0.01,4.09,-6.1,12.97,0.76,-0.14,-0.57,0.81
35.131,6,-0.941,-0.14,0.2,0.24,342.51,-17.83,21.94,-0.88,-0.12,-0.05,3.96,13.73,31.43,-30.21,-0.52,0.14,1.22
35.213,1,0.196,0.03,0.15,0.97,171.15,-0.39,18.04,-0.17,-0.37,0.1,4.09,24.72,-1.83,43.95,0.33,0.08,1.12
35.214,3,0.163,0.15,0.25,0.94,171.02,-11.7,32.07,0,0.04,0.18,4.09,-3.81,15.11,-38.3,0.15,0.56,0.96
35.217,0,0.285,-0.16,0.08,0.94,161.06,20.53,3.88,0.1,-0.05,0.14,4.09,-5.19,-3.2,11.29,-0.45,-0.02,1.07
35.219,5,-0.883,-0.06,-0.43,-0.18,47.48,47.44,22.51,0,0,-0.05,4.01,-2.75,-23.65,20.6,-0.69,0.3,0.59
35.222,7,0.92,0.05,-0.18,0.35,55.68,-21.31,-2.22,-0.37,-0.11,0.1,4.09,-13.43,0,62.26,0.23,0.25,1.1
35.223,4,0.843,-0.15,0.3,-0.42,314.1,22.21,-32.77,-0.17,-0.05,-0.05,3.93,35.71,6.71,19.84,-0.54,-0.58,0.65
35.227,2,0.409,-0.09,0.3,-0.86,243.23,5.75,-36.35,-0.13,0.01,0.14,4.09,-8.7,7.02,-37.69,-0.03,-0.77,0.88
35.229,6,-0.943,-0.17,0.13,0.25,341.91,-9.4,22.95,-0.15,0.54,0.05,3.96,-35.86,78.12,-20.9,0.31,-0.05,1.15
35.328,1,0.176,0.04,0.17,0.97,173.3,-0.54,20.11,-0.3,-0.35,0.02,4.09,23.65,14.34,-0.31,0.29,0.11,1.01
35.33,3,0.202,0.14,0.25,0.94,166.81,-9.61,32.55,0.24,-0.04,-0.1,4.09,-5.8,-19.07,-51.12,-0.04,0.37,0.86
35.333,7,0.908,0.02,-0.19,0.37,60.04,-21.04,-5.98,-0.5,-0.03,0.01,4.09,-32.04,13.73,16.94,0.08,0.32,1.08
35.335,5,-0.888,-0.06,-0.41,-0.19,48.1,45.32,22.25,-0.02,-0.05,-0.04,4.01,-9,-3.81,22.13,-0.91,0.5,0.75
35.338,0,0.275,-0.14,0.08,0.95,162.5,18.08,4.76,0.08,-0.04,0.2,4.09,5.34,-30.82,8.7,-0.43,0.04,1.17
35.34,4,0.85,-0.12,0.3,-0.42,315.15,24,-29.19,-0.09,-0.11,-0.13,3.93,30.36,6.56,2.75,-0.49,-0.44,0.64
35.344,2,0.383,-0.1,0.3,-0.87,240.51,3.19,-36.4,-0.14,-0.11,0.14,4.09,9.92,-19.99,-23.8,-0.04,-0.8,0.82
35.345,6,-0.967,-0.13,0.06,0.21,348.94,-4.08,15.92,-0.1,-0.05,0.23,3.96,-88.04,86.52,68.36,-0.1,0.28,1.22
35.427,1,0.187,0.03,0.17,0.97,172.24,0.49,19.85,0.22,-0.1,-0.15,4.09,-28.23,22.74,-52.49,-0.2,0.13,0.85
35.429,3,0.237,0.16,0.25,0.93,162.35,-10.2,32.53,0.15,0.01,-0.12,4.09,-10.83,-30.06,-32.04,0.03,0.41,0.79
35.433,0,0.277,-0.11,0.09,0.95,162.31,15.13,5.9,0.31,0.08,-0.16,4.09,6.1,-17.4,-8.54,-0.52,-0.01,0.75
35.434,5,-0.888,-0.06,-0.41,-0.2,48.74,44.81,22.07,0.04,0.04,-0.12,4.01,3.05,0.46,8.24,-0.76,0.29,0.72
35.438,2,0.375,-0.11,0.28,-0.88,240.15,0.97,-35.29,-0,0.01,0.02,4.09,7.63,-21.51,7.48,-0.01,-0.57,0.86
35.439,4,0.853,-0.09,0.29,-0.42,315.52,25.29,-26.39,-0.08,-0.02,-0,3.93,19.68,9.46,11.44,-0.42,-0.42,0.76
35.444,7,0.921,0.01,-0.15,0.36,57.37,-16.33,-5.55,-0.33,0.15,-0.07,4.09,7.93,122.68,-29.45,0.12,0.08,1
35.446,6,-0.983,-0.07,-0.03,0.17,354.86,4.47,7.16,0.15,-0.14,-0.03,3.96,-63.78,88.04,-1.53,0.02,0.3,0.95
35.524,1,0.244,-0,0.15,0.96,166.17,4.33,16.78,0.04,-0.19,0.04,4.09,-27.31,9,-106.05,-0.04,0.12,1.05
35.527,3,0.262,0.17,0.25,0.92,158.84,-10.89,33.55,0.22,-0.06,-0.12,4.09,10.53,-13.28,-20.29,0.01,0.33,0.84
35.531,0,0.284,-0.1,0.09,0.95,161.46,14.34,6.12,0.25,0.14,-0.04,4.09,3.36,6.71,-9.77,-0.51,0.07,0.86
35.532,4,0.854,-0.08,0.3,-0.42,315.84,27.05,-25.62,-0.09,-0.04,-0.04,3.93,-11.9,12.66,5.34,-0.5,-0.38,0.7
35.535,2,0.386,-0.11,0.28,-0.87,241.38,1.13,-34.73,0.02,-0.04,0.01,4.09,4.88,-7.02,15.87,-0.06,-0.59,0.81
35.537,5,-0.886,-0.07,-0.42,-0.19,48.56,45.36,23.49,0.05,0.02,0.03,4.01,24.26,9.46,-7.17,-0.75,0.26,0.72
35.541,7,0.946,0.02,-0.05,0.32,51.46,-6.47,0.15,-0.04,-0.28,0.19,4.09,89.87,68.82,-115.05,0.28,0.25,1.17
35.543,6,-0.981,-0.02,-0.09,0.17,354.29,11.08,0.24,0.06,0.26,-0.23,3.96,-69.73,50.81,43.79,-0,-0.22,0.78
35.626,1,0.306,-0.01,0.14,0.94,158.79,5.66,14.92,0.06,-0.19,-0.01,4.09,-13.73,-23.96,-97.81,-0.01,0.09,0.99
35.628,5,-0.88,-0.07,-0.43,-0.18,48.87,46.94,25.25,-0.07,0.04,0.18,4.01,7.78,18.92,9.92,-0.82,0.44,0.73
35.632,7,0.974,0.09,0.04,0.21,38.23,2.38,10.58,0.25,0.08,0.13,4.09,97.05,100.86,-100.71,0.15,0.04,1.14
35.633,4,0.846,-0.09,0.32,-0.41,314.72,28.1,-29.02,-0.22,-0.04,-0.04,3.93,-44.25,12.82,-9.16,-0.55,-0.51,0.58
35.637,0,0.295,-0.12,0.1,0.94,160.28,16.25,6.66,0.22,0.11,-0.08,4.09,9.16,12.97,-12.36,-0.49,0.06,0.79
35.638,6,-0.986,0.01,-0.14,0.1,2.21,15.35,-3.29,-0.05,-0.07,-0.22,3.96,-39.83,-5.95,54.93,-0.27,0.02,0.74
35.642,2,0.402,-0.11,0.28,-0.87,243.22,2.05,-34.36,0.09,0.02,-0.08,4.09,2.75,-1.68,10.53,-0.08,-0.45,0.8
35.644,3,0.26,0.19,0.26,0.91,158.1,-12.6,35.7,0.05,-0.13,0.19,4.09,0.76,-12.82,28.69,0.34,0.57,1.07
35.724,1,0.36,-0,0.12,0.92,152.16,5.53,13.16,0.01,-0.2,-0.09,4.09,-21.82,-9.16,-78.74,0.1,0.05,0.9
35.726,4,0.842,-0.11,0.34,-0.4,314.38,28.84,-31.7,-0.17,-0.14,0.02,3.93,-7.17,-1.98,-5.65,-0.65,-0.52,0.67
35.73,7,0.967,0.16,0.13,0.15,34.28,12.12,20.41,0.39,-0.16,-0.04,4.09,105.29,61.19,-117.95,0.21,0.3,0.93
35.731,5,-0.874,-0.07,-0.44,-0.2,50.98,47.76,25.97,-0.05,-0.15,0.06,4.01,-20.45,3.66,19.84,-0.78,0.47,0.6
35.735,0,0.315,-0.12,0.11,0.93,158.03,17.56,8.09,0.2,0.11,-0.1,4.09,19.99,10.22,-28.99,-0.48,0.07,0.79
35.736,6,-0.988,0.04,-0.12,0.08,3.95,13.44,-6.12,-0.13,-0.16,-0.28,3.96,-12.05,-43.18,-31.74,-0.13,0.07,0.55
35.74,2,0.404,-0.11,0.28,-0.86,243.33,2.44,-34.77,0.13,-0.01,-0.11,4.09,-11.6,3.36,4.58,-0.11,-0.43,0.81
35.742,3,0.25,0.21,0.25,0.91,158.68,-14.63,35.3,0.05,-0.14,0.14,4.09,-15.26,-8.39,14.65,0.29,0.49,0.89
35.823,1,0.407,-0,0.11,0.91,146.29,5.15,11.12,-0.11,-0.31,0,4.09,-23.19,-0.15,-68.05,0.27,0.05,1.02
35.824,4,0.843,-0.11,0.33,-0.41,314.26,27.48,-30.91,-0.22,0.04,-0.04,3.93,18.31,-19.53,-11.6,-0.55,-0.64,0.58
35.828,7,0.962,0.19,0.18,0.06,24.97,19.28,24.68,0.08,0.13,-0.52,4.09,44.86,-24.87,-72.17,-0.16,0.14,0.53
35.83,5,-0.877,-0.05,-0.43,-0.22,52.05,46.31,23.84,0.02,0.11,-0.06,4.01,-34.79,-21.67,-7.32,-0.71,0.1,0.62
35.834,0,0.347,-0.12,0.13,0.92,154.25,18.67,9.23,0.16,-0.02,-0.02,4.09,23.04,-8.39,-37.69,-0.43,0.02,0.9
35.835,6,-0.991,0.04,-0.08,0.1,2.29,8.42,-5.98,0.92,-0.94,-0.76,3.96,23.04,-76.9,-120.7,0.55,0.79,0.51
35.839,2,0.403,-0.11,0.29,-0.86,243.46,2.39,-36.1,0.03,-0.02,-0.01,4.09,-13.43,-6.26,-10.53,-0.07,-0.6,0.82
35.84,4,0.85,-0.1,0.31,-0.41,315.28,26.26,-28.29,-0.09,-0.08,-0.09,3.93,13.28,-9.92,-5.95,-0.48,-0.46,0.68
35.921,1,0.435,-0.01,0.09,0.9,142.69,4.99,8.96,-0.16,-0.49,0.11,4.09,-14.5,4.43,-34.94,0.42,0.01,1.19
35.923,5,-0.885,-0.04,-0.41,-0.22,50.83,44.61,20.5,0.05,-0.04,-0,4.01,-15.11,-11.29,-10.22,-0.69,0.17,0.69
35.926,7,0.962,0.22,0.17,0,18.82,18.56,26.06,0.02,-0.12,-0.15,4.09,17.7,-58.29,-28.69,-0.24,0.4,0.69
35.928,6,-0.987,0.03,0,0.16,356.18,-0.58,-3.67,0.11,0.09,0.04,3.96,18.62,-63.78,-3.05,0.21,-0.07,0.97
35.932,0,0.367,-0.1,0.14,0.91,151.82,16.61,10.47,0.04,-0.1,0.15,4.09,8.85,-32.65,-8.54,-0.29,0.11,1.11
35.933,3,0.247,0.21,0.25,0.91,159.21,-14.76,34.79,0.33,-0.06,-0.16,4.09,-5.04,13.28,5.65,-0,0.31,0.85
35.936,2,0.397,-0.13,0.29,-0.86,243.24,0.89,-37.07,-0.22,0.05,0.17,4.09,-0.76,-18.46,-8.7,0.17,-0.81,0.86
35.938,4,0.852,-0.09,0.3,-0.42,315.59,25.73,-27.19,-0.13,-0.02,0.08,3.93,4.12,-6.1,0,-0.51,-0.45,0.67
36.019,1,0.446,-0.02,0.08,0.89,141.22,5.86,7.85,0.15,-0.4,0.28,4.09,20.6,11.44,18.16,0.12,-0.09,1.06
36.021,5,-0.887,-0.03,-0.4,-0.22,50.24,44.43,19.37,0.02,0.06,-0,4.01,0.61,1.53,3.2,-0.71,0.17,0.67
36.024,7,0.968,0.22,0.11,-0.01,15.93,12.42,26.24,0.54,1.34,0.08,4.09,-56.15,132.6,62.1,0.4,-0.96,0.79
36.026,6,-0.98,0.02,0.06,0.19,352.05,-7.38,-0.49,0.04,0.25,0.09,3.96,44.1,-69.58,-45.01,0.26,-0.25,1.07
36.031,0,0.366,-0.07,0.13,0.92,151.91,13.45,11.2,0.33,-0.05,0.09,4.09,-6.26,-12.21,8.54,-0.43,-0.04,0.96
36.032,3,0.243,0.2,0.25,0.92,160.12,-13.8,34.45,0.12,-0.02,-0.03,4.09,9.92,12.51,-29.14,0.14,0.45,0.84
36.036,2,0.379,-0.14,0.28,-0.87,241.83,-2.32,-36.52,-0.07,-0.13,0.25,4.09,3.51,2.29,-41.81,-0.01,-0.84,0.93
36.037,5,-0.888,-0.03,-0.41,-0.21,49.03,45.2,18.61,0.06,0.15,0.14,4.01,1.83,5.95,0,-0.84,0.21,0.78
36.118,1,0.416,-0.01,0.1,0.9,145.15,5.45,10.26,0.21,-0.44,0.08,4.09,52.03,15.56,96.13,0.13,-0.24,1.15
36.12,4,0.852,-0.09,0.3,-0.42,315.56,25.77,-27.22,-0.17,0.05,0,3.93,-14.8,4.43,0.92,-0.46,-0.52,0.67
36.123,7,0.975,0.2,0.06,0.07,22.86,4.66,23.82,0.15,0.1,0.14,4.09,-31.13,-52.34,26.4,0.03,0.31,1.09
36.125,6,-0.971,-0,0.11,0.21,349.48,-12.76,3.23,-0.11,-0.08,0.04,3.96,31.89,-60.73,-53.1,0.09,0.1,1.01
36.129,0,0.363,-0.07,0.13,0.92,152.18,12.7,11.18,0.35,0.11,0.07,4.09,-1.98,2.59,11.75,-0.54,0.05,0.99
36.13,3,0.256,0.19,0.26,0.91,158.7,-12.52,35.6,0.19,0.08,-0.03,4.09,13.43,12.82,-10.07,0.02,0.55,0.81
36.134,2,0.389,-0.15,0.28,-0.86,243.16,-2.03,-36.93,0.26,0.03,-0.09,4.09,-9.31,-12.21,33.57,-0.13,-0.37,0.88
36.135,4,0.849,-0.11,0.32,-0.41,315.28,26.46,-29.66,-0.12,-0.13,-0.1,3.93,-29.3,17.55,1.83,-0.58,-0.46,0.67
36.216,1,0.348,0.01,0.12,0.93,153.48,4.33,13.38,-0.02,-0.25,-0.02,4.09,10.38,7.02,86.98,0.13,0.07,0.98
36.218,5,-0.887,-0.03,-0.41,-0.21,48.25,45.89,18.66,0.02,-0.05,-0.01,4.01,16.17,9.92,6.41,-0.61,0.26,0.6
36.221,7,0.978,0.18,0,0.11,26.51,-2.14,20.39,0.15,-0.21,0.04,4.09,-48.52,-48.52,78.74,0.23,0.53,0.89
36.223,6,-0.948,-0.02,0.17,0.27,340.86,-17.67,8.15,-0.13,0.08,-0.07,3.96,28.99,-36.01,-80.41,0.27,-0,0.86
36.226,0,0.359,-0.07,0.13,0.92,152.78,12.69,11.03,0.24,0.04,-0.03,4.09,-5.04,4.73,0.46,-0.4,0.07,0.88
36.228,3,0.267,0.18,0.28,0.9,157.55,-10.29,38.03,0.27,-0.06,-0.04,4.09,21.82,13.73,-12.05,-0.04,0.45,0.84
36.232,2,0.392,-0.15,0.27,-0.87,243.68,-2.72,-36.29,-0.08,-0.05,0.01,4.09,11.6,-3.66,-11.29,0.06,-0.69,0.77
36.234,5,-0.881,-0.04,-0.42,-0.2,49.3,47.03,21.03,-0.02,0.06,0.09,4.01,-6.1,11.6,-7.32,-0.8,0.21,0.75
36.334,1,0.306,0.03,0.12,0.94,158.31,1.13,14.33,0.08,-0.1,-0.06,4.09,11.9,-18.31,38.6,-0.01,0.11,0.93
36.336,4,0.839,-0.12,0.34,-0.41,313.76,28.4,-33.06,-0.16,0.03,0.06,3.93,-24.57,18.92,-11.6,-0.54,-0.62,0.66
36.34,7,0.979,0.14,-0.06,0.14,28.78,-9,15.35,0.06,-0.12,-0.05,4.09,-57.83,-73.09,31.28,0.23,0.36,0.88
36.341,6,-0.924,-0.05,0.21,0.31,333.8,-21.54,13.56,-0.49,0.03,0.08,3.96,27.47,-58.9,-37.08,-0.02,-0.05,1.24
36.345,0,0.359,-0.07,0.13,0.92,152.8,13.36,11.03,0.27,0.07,-0.15,4.09,-4.12,11.9,-1.98,-0.44,0.02,0.78
36.347,3,0.261,0.19,0.28,0.9,157.93,-11.25,38.4,0.12,0.04,0.12,4.09,-12.97,-8.85,40.59,0.1,0.67,0.9
36.351,2,0.399,-0.15,0.28,-0.86,244.42,-1.89,-36.61,0.15,-0.02,-0.17,4.09,0,5.8,22.89,-0.09,-0.4,0.73
36.352,4,0.831,-0.12,0.35,-0.41,312.05,28.88,-34.54,-0.15,-0.1,-0.1,3.93,24.87,0,8.39,-0.64,-0.49,0.59
36.433,1,0.286,0.05,0.13,0.95,160.45,-0.72,15.6,0,-0.28,-0.17,4.09,26.25,-25.48,36.62,0.18,0,0.87
36.435,5,-0.879,-0.04,-0.43,-0.21,50.22,47.31,21.57,0.02,-0.15,-0.05,4.01,-3.97,-10.07,3.2,-0.79,0.22,0.59
36.438,7,0.968,0.1,-0.14,0.19,34.51,-17.59,8.42,-0.1,0.18,0.05,4.09,-61.8,-81.18,119.02,0.1,0.12,1.09
36.44,6,-0.906,-0.06,0.24,0.34,329.28,-23.44,17.83,-0.92,-0.09,0.18,3.96,5.8,22.13,-25.02,-0.26,-0.12,1.37
36.443,0,0.36,-0.08,0.13,0.92,152.66,13.61,11.18,0.31,0.03,-0.14,4.09,-2.44,4.73,4.73,-0.45,-0.02,0.81
36.445,3,0.234,0.2,0.27,0.91,160.82,-13.5,36.52,0.19,-0.03,0.17,4.09,-20.9,13.73,14.65,0.13,0.57,1.01
36.449,2,0.404,-0.15,0.29,-0.86,244.93,-0.99,-37.48,0.04,-0.05,0,4.09,-19.23,-3.51,6.26,-0.03,-0.59,0.79
36.451,4,0.838,-0.11,0.34,-0.42,313.19,28.23,-31.7,-0.22,0.14,0.05,3.93,30.21,-15.11,15.72,-0.53,-0.83,0.72
36.535,1,0.258,0.07,0.14,0.95,163.32,-3.2,17.42,0.01,-0.49,0.12,4.09,35.25,-2.9,55.85,0.34,-0.05,1.18
36.536,5,-0.884,-0.04,-0.41,-0.21,50.07,45.6,21.08,0.04,0.03,-0.02,4.01,-3.66,-26.55,-12.51,-0.69,0.08,0.63
36.54,7,0.947,0.06,-0.19,0.25,43.32,-23.3,0.58,-0.29,-0.17,0.09,4.09,-27.31,-40.74,61.49,0.26,0.23,1.1
36.541,6,-0.916,-0.1,0.16,0.35,329.78,-12.47,17.51,-0.24,0.38,0.21,3.96,-19.23,132.29,-50.81,0.45,-0.07,1.31
36.546,0,0.355,-0.08,0.13,0.92,153.18,13.78,10.51,0.21,-0.15,0.13,4.09,-7.48,-4.43,19.84,-0.31,-0.04,1.12
36.547,3,0.237,0.18,0.27,0.92,161.23,-11.57,36.37,0.3,-0.15,-0.14,4.09,26.86,12.82,-40.89,0.04,0.24,0.87
36.551,2,0.413,-0.15,0.3,-0.85,246.34,-0.63,-39.19,-0.03,-0.06,0.02,4.09,-4.88,-6.1,-2.44,-0.01,-0.7,0.76
36.553,4,0.852,-0.09,0.32,-0.41,315.97,27.85,-27.85,-0.06,0.06,-0.04,3.93,6.1,-7.17,4.12,-0.53,-0.45,0.68
36.633,1,0.212,0.08,0.16,0.96,168.25,-4.91,19.97,-0.21,-0.33,0.18,4.09,18.62,-6.41,58.9,0.42,0.21,1.15
36.634,5,-0.893,-0.03,-0.4,-0.21,47.89,44.09,18.51,0.03,0.04,0.08,4.01,-14.34,-10.07,-13.28,-0.75,0.2,0.75
36.638,7,0.928,0.03,-0.21,0.31,51.55,-24.34,-4.99,-0.67,-0.42,0.07,4.09,-1.53,21.67,50.81,0.11,0.64,1.09
36.639,6,-0.94,-0.09,0.06,0.32,335.52,-3.69,11.69,0.08,0.1,0.24,3.96,-65.31,93.23,89.11,0.19,0.22,1.21
36.643,2,0.407,-0.16,0.29,-0.85,246.08,-2.29,-39.08,-0.18,-0.13,0.2,4.09,8.54,-16.17,15.56,0.05,-0.9,0.79
36.644,3,0.234,0.17,0.27,0.92,161.83,-11.35,35.62,0.16,0.14,0.03,4.09,2.14,12.21,-18.92,0.03,0.6,0.83
36.649,0,0.332,-0.07,0.12,0.93,155.98,12.4,10.37,0.25,0,0.28,4.09,-13.58,0.61,34.79,-0.49,0.09,1.22
36.651,4,0.858,-0.08,0.31,-0.4,317.44,27.89,-26.35,-0.02,0.05,-0.05,3.93,13.28,-10.07,19.23,-0.44,-0.39,0.7
36.73,1,0.212,0.07,0.15,0.96,168.47,-4.5,18.47,0.18,-0.03,0.15,4.09,-56.46,17.7,-66.53,-0.07,0.26,1.13
36.732,5,-0.896,-0.03,-0.39,-0.21,47.76,43.1,17.88,-0,0.01,0.03,4.01,-3.51,-5.65,1.22,-0.65,0.19,0.73
36.735,7,0.94,0.02,-0.15,0.31,50.66,-16.84,-3.66,-0.34,-0.14,0,4.09,26.25,136.11,-27.62,0.15,0.26,1.05
36.737,6,-0.967,-0.06,-0.03,0.25,345.81,5.47,5.78,0.31,-0.25,0.01,3.96,-49.13,106.2,45.32,0.07,0.47,0.97
36.74,0,0.314,-0.07,0.11,0.94,158.13,11.3,10.23,0.2,0.24,-0.04,4.09,-4.27,-0.76,7.48,-0.49,0.21,0.84
36.741,3,0.243,0.17,0.27,0.92,161.16,-9.95,35.8,0.23,0.06,-0.17,4.09,0.76,3.36,-6.1,-0.12,0.44,0.77
36.746,2,0.437,-0.16,0.28,-0.84,249.69,-1.56,-37.92,0.09,0.09,-0.11,4.09,14.65,-17.09,32.2,0.04,-0.43,0.76
36.747,5,-0.894,-0.04,-0.39,-0.22,48.93,42.85,18.73,0.03,-0.07,0.12,4.01,12.51,11.44,24.41,-0.76,0.42,0.82
36.829,1,0.266,0.03,0.12,0.96,162.99,0.34,14.17,-0.11,-0.15,-0.03,4.09,-46.23,36.47,-99.64,0.17,0.16,0.95
36.83,4,0.863,-0.09,0.31,-0.39,318.94,28.23,-26.24,-0.11,-0.02,-0.1,3.93,-17.24,3.97,17.09,-0.53,-0.36,0.58
36.834,7,0.965,0.05,-0.05,0.25,42.88,-6.79,4.53,0.04,-0.19,0.23,4.09,113.37,74.01,-115.51,0.27,0.26,1.21
36.835,6,-0.959,-0.03,-0.12,0.26,344.28,13.77,0.36,0.05,0.18,-0.23,3.96,-62.56,56.46,5.04,-0.08,-0.12,0.77
36.839,0,0.312,-0.07,0.12,0.94,158.4,11.76,10.41,0.32,0.14,-0.07,4.09,-4.27,13.28,1.98,-0.53,0.08,0.84
36.84,3,0.241,0.16,0.28,0.92,161.51,-9.17,36.72,0.23,-0.03,-0.14,4.09,15.56,9.77,3.81,-0,0.36,0.79
36.843,2,0.46,-0.16,0.28,-0.83,252.45,-0.75,-37.75,0.08,-0,-0.11,4.09,4.73,-8.85,28.69,-0.04,-0.5,0.78
36.845,5,-0.884,-0.05,-0.41,-0.23,52.21,43.77,22.84,0.03,-0.05,0.07,4.01,26.55,26.4,14.95,-0.64,0.28,0.7
36.927,1,0.319,0.02,0.1,0.94,156.82,2.04,11.82,-0.01,-0.14,-0.13,4.09,-22.43,-15.56,-78.58,0.06,0.05,0.9
36.929,4,0.865,-0.09,0.33,-0.37,320.33,29.8,-27.05,-0.16,0.01,0.08,3.93,-19.53,10.68,11.75,-0.54,-0.52,0.71
36.933,7,0.973,0.14,0.05,0.18,35.25,3.3,16.78,0.31,0.14,0.06,4.09,114.59,105.74,-95.06,0.2,0.07,1.07
36.934,6,-0.967,-0.01,-0.17,0.19,350.96,19.03,-2.17,-0.02,0.19,-0.2,3.96,-36.16,24.57,91.4,-0.2,-0.18,0.74
36.938,0,0.308,-0.08,0.12,0.94,158.93,12.94,10.69,0.24,0.13,-0.15,4.09,3.05,7.02,5.49,-0.45,0.11,0.76
36.939,3,0.215,0.16,0.28,0.92,164.4,-10.21,36.65,0.18,-0.1,-0,4.09,3.05,12.97,34.79,0.08,0.46,0.91
36.943,2,0.469,-0.16,0.28,-0.82,253.52,-0.27,-37.48,0.11,-0,-0.12,4.09,-1.83,1.98,1.68,-0.04,-0.49,0.71
36.949,5,-0.869,-0.07,-0.43,-0.24,56.48,45.05,27.9,0.04,-0.05,0.06,4.01,7.32,13.58,7.48,-0.94,0.39,0.69
37.027,1,0.363,0.02,0.09,0.93,151.46,1.31,10.03,0.01,-0.29,-0.06,4.09,-10.38,-9.77,-44.4,0.2,-0.05,0.97
37.03,4,0.864,-0.1,0.34,-0.35,321.09,31.31,-29.12,-0.16,0.1,0.14,3.93,-20.45,4.27,17.09,-0.55,-0.45,0.61
37.034,7,0.959,0.2,0.15,0.13,32.27,13.67,26.16,0.44,0.08,-0.25,4.09,89.42,57.98,-60.27,0.21,0.11,0.8
37.035,6,-0.976,0.01,-0.17,0.13,358.45,19.64,-3.43,-0.77,-0.39,0.63,3.96,-13.43,7.93,38.6,-1.06,-0.15,1.18
37.039,0,0.309,-0.08,0.13,0.94,158.96,13.11,11.91,0.17,0.1,-0.06,4.09,13.43,-1.83,-9.61,-0.41,0.17,0.87
37.04,3,0.174,0.16,0.28,0.93,169.18,-11.61,35.73,-0,-0.09,0.31,4.09,1.07,15.56,33.26,0.27,0.66,1.06
37.046,2,0.465,-0.17,0.28,-0.82,253.36,-0.85,-38.51,0.18,0.01,-0.02,4.09,-14.65,-2.9,-15.87,-0.07,-0.49,0.86
37.047,5,-0.868,-0.07,-0.42,-0.25,57.52,44.75,27.49,0.03,0.02,-0.03,4.01,-30.67,-14.8,4.27,-0.67,0.32,0.67
37.147,1,0.388,0.02,0.07,0.92,148.29,0.79,8.39,-0.08,-0.37,-0.04,4.09,-26.4,1.37,-24.26,0.33,-0.08,0.99
37.149,4,0.868,-0.1,0.34,-0.35,322.29,31.44,-29.18,-0.15,0.08,0.11,3.93,12.66,-22.58,11.6,-0.54,-0.47,0.69
37.153,7,0.952,0.23,0.18,0.07,27.57,18.34,29.85,0.08,-0.08,-0.42,4.09,26.25,-48.07,-31.43,-0.16,0.44,0.54
37.154,6,-0.979,0,-0.13,0.16,355.27,14.13,-2.88,0.8,0.19,-0.19,3.96,56.61,-57.07,-160.98,0.61,-0.02,0.95
37.158,0,0.326,-0.08,0.14,0.93,156.99,14.01,12.81,0.22,-0.02,0.01,4.09,4.58,-4.58,-21.51,-0.39,0.07,0.96
37.159,3,0.161,0.15,0.27,0.94,171.01,-11.18,34.96,0.21,0.1,-0.04,4.09,-12.21,15.87,5.95,-0.05,0.58,0.78
37.163,2,0.465,-0.17,0.29,-0.82,253.49,-0.71,-39.69,-0.06,0.03,0.12,4.09,-13.12,-1.98,20.14,0.06,-0.74,0.85
37.165,4,0.877,-0.09,0.32,-0.34,324.27,30.39,-26.53,-0.18,0.08,0.08,3.93,11.29,-6.87,20.14,-0.6,-0.58,0.72
37.232,1,0.399,0.01,0.05,0.92,146.96,0.74,5.73,-0.09,-0.42,0.17,4.09,-25.33,1.07,-20.75,0.34,-0.11,1.2
37.234,5,-0.872,-0.06,-0.41,-0.26,57.88,42.93,25.33,0.05,0.05,-0.2,4.01,-11.9,-7.63,14.5,-0.53,0.14,0.54
37.238,7,0.956,0.25,0.14,0.05,24.08,13.77,30.9,-0.27,0.04,0.05,4.09,-11.6,-27.62,41.81,-0.2,0.36,0.69
37.239,6,-0.974,-0.01,-0.04,0.22,348.27,5.09,-0.14,-0.1,0.34,0.08,3.96,20.9,-85.75,8.39,-0.04,-0.31,1.08
37.242,0,0.332,-0.07,0.13,0.93,156.08,12.24,12.26,0.17,-0.07,0.15,4.09,-13.43,-33.72,8.85,-0.34,0.09,1.15
37.244,3,0.158,0.14,0.27,0.94,171.89,-9.7,34.38,0.23,0.02,-0.15,4.09,-8.85,17.09,-3.05,-0.05,0.45,0.79
37.249,2,0.471,-0.18,0.3,-0.81,254.55,-0.32,-40.85,-0.15,0.07,0.11,4.09,3.36,-10.38,-6.26,0.13,-0.79,0.76
37.25,5,-0.869,-0.06,-0.41,-0.28,59.94,42.17,26.35,0.05,-0.11,0.08,4.01,0.15,6.1,17.09,-0.61,0.37,0.73
37.332,1,0.393,0.01,0.05,0.92,147.81,1.35,5.93,0.2,-0.15,-0.13,4.09,34.48,18.01,68.36,-0.11,-0.16,0.88
37.334,4,0.886,-0.08,0.32,-0.33,326.63,30.64,-24.45,-0.06,0.02,0.05,3.93,-1.37,-5.04,28.08,-0.58,-0.4,0.78
37.337,7,0.958,0.24,0.11,0.1,28.34,9.15,29.82,0.64,0.24,-1.06,4.09,-73.85,-66.53,83.47,0.53,-0.12,0.29
37.338,6,-0.973,-0.02,0.03,0.23,347.71,-2.52,2.74,0,0.13,-0.03,3.96,44.86,-75.99,-45.01,0.11,-0.1,0.97
37.342,0,0.321,-0.05,0.12,0.94,157.3,10.31,11.7,0.35,0.1,-0.1,4.09,-8.39,7.17,13.73,-0.54,0.09,0.79
37.343,3,0.147,0.12,0.26,0.95,174,-8.31,32.58,0.21,0,-0.09,4.09,-19.68,13.12,14.5,-0.08,0.48,0.8
37.348,2,0.461,-0.18,0.29,-0.82,253.49,-2.01,-39.92,0.11,-0.06,0.05,4.09,13.58,-6.56,11.6,-0.09,-0.55,0.79
37.349,4,0.887,-0.09,0.33,-0.31,327.87,31.53,-25.18,-0.2,0.02,0.08,3.93,-23.35,10.99,16.78,-0.63,-0.52,0.72
37.431,1,0.311,0.02,0.08,0.95,157.7,0.96,9.8,0.18,-0.34,0.06,4.09,30.82,3.2,131.07,0.06,-0.17,1.06
37.433,5,-0.861,-0.06,-0.41,-0.29,62.41,42.58,28.22,-0.02,-0.04,-0,4.01,3.66,9.77,19.23,-0.67,0.4,0.67
37.437,7,0.961,0.23,0.03,0.15,31.9,-0.81,26.5,0.13,0.06,-0.02,4.09,-40.13,-55.85,108.49,0.11,0.35,0.93
37.438,6,-0.962,-0.04,0.09,0.26,343.69,-9.18,6.95,-0.15,0.04,-0.02,3.96,40.89,-68.82,-43.95,0.05,0.03,0.96
37.442,0,0.303,-0.06,0.13,0.94,159.56,10.95,12.38,0.28,0.09,-0.07,4.09,-4.27,9.46,19.68,-0.45,0.11,0.85
37.443,3,0.133,0.11,0.26,0.95,175.7,-8.52,31.9,0.17,0.1,0.06,4.09,9.92,13.73,19.23,-0.04,0.59,0.88
37.448,2,0.488,-0.18,0.29,-0.8,256.75,-0.58,-39.46,0.2,0.11,-0.17,4.09,10.99,-3.36,1.53,0.04,-0.39,0.79
37.449,5,-0.854,-0.08,-0.42,-0.3,64.85,41.86,30.92,-0.02,-0.1,0.07,4.01,18.62,0.92,20.6,-0.83,0.59,0.76
37.548,1,0.237,0.04,0.09,0.97,166.35,-1.47,11.32,-0.04,-0.06,-0.15,4.09,24.26,-28.99,85.91,0.03,0.11,0.86
37.55,4,0.888,-0.1,0.34,-0.3,329.15,32.9,-26.24,-0.16,0.07,-0.01,3.93,-24.72,13.73,11.9,-0.65,-0.51,0.66
37.553,7,0.958,0.2,-0.04,0.2,36.14,-8.72,21.65,-0.03,-0.05,0,4.09,-47.45,-57.98,20.6,0.12,0.33,0.92
37.555,6,-0.937,-0.05,0.15,0.31,335.96,-14.82,11.81,-0.22,0.14,0.01,3.96,39.22,-53.56,-57.98,0.2,-0.08,1.03
37.558,2,0.487,-0.18,0.28,-0.81,256.79,-1.53,-38.82,0.03,-0.03,0.04,4.09,-8.85,-6.71,36.01,-0.03,-0.59,0.8
37.56,3,0.118,0.1,0.27,0.95,177.79,-6.86,33.15,0.17,0.03,0.04,4.09,17.4,31.74,1.53,-0.06,0.56,0.88
37.564,0,0.285,-0.06,0.13,0.95,161.73,10.92,12.56,0.28,0.04,-0.15,4.09,-8.09,9.16,25.18,-0.42,0.05,0.79
37.566,4,0.884,-0.11,0.35,-0.29,329.25,34.43,-28.14,-0.16,0.13,-0.08,3.93,-15.56,2.29,3.81,-0.58,-0.59,0.64
37.649,1,0.189,0.06,0.1,0.97,171.59,-4.16,13.11,-0.1,-0.18,-0.12,4.09,23.5,-18.16,50.35,0.23,0.1,0.87
37.65,5,-0.848,-0.09,-0.42,-0.31,66.75,41.21,33.87,0.02,0.02,0.09,4.01,8.54,4.43,12.97,-0.6,0.33,0.64
37.655,7,0.949,0.16,-0.1,0.25,41.8,-15.75,15.12,-0.03,0.04,-0.04,4.09,-53.1,-49.9,135.35,0.25,0.2,0.92
37.656,6,-0.91,-0.08,0.21,0.35,329.12,-19.24,17.54,-0.59,-0.17,0.06,3.96,36.16,-47.3,-42.11,-0.17,0.06,1.22
37.66,0,0.262,-0.07,0.13,0.95,164.6,11.54,11.96,0.31,0.01,-0.14,4.09,-13.58,9,24.26,-0.43,0.01,0.8
37.661,3,0.106,0.07,0.28,0.95,179.87,-4.66,33.7,0.18,-0.08,0.05,4.09,-8.24,26.86,20.29,-0.08,0.47,0.96
37.665,2,0.51,-0.18,0.29,-0.79,259.74,0.34,-40.04,0.09,0.02,-0.08,4.09,-10.99,-9.46,21.82,-0.03,-0.52,0.76
37.667,4,0.888,-0.1,0.35,-0.28,330.56,34.56,-27.51,-0.24,0.02,0.03,3.93,9.77,-19.23,15.41,-0.72,-0.54,0.65
37.747,1,0.152,0.08,0.12,0.98,175.43,-6.67,15.37,-0,-0.36,-0.02,4.09,39.83,-7.93,40.13,0.29,-0.09,1.04
37.749,5,-0.84,-0.1,-0.43,-0.32,69.25,40.67,35.71,-0.05,-0.06,-0.05,4.01,-15.87,2.75,24.11,-0.67,0.67,0.6
37.752,7,0.927,0.12,-0.16,0.32,50.79,-21.59,7.21,-0.08,-0.2,0.05,4.09,-51.73,-40.59,66.07,0.41,0.31,0.94
37.754,6,-0.909,-0.1,0.19,0.36,328.51,-15.92,19.48,-0.74,-0.49,0.01,3.96,-4.12,146.48,4.43,-0.5,0.24,1.15
37.757,0,0.234,-0.08,0.12,0.96,167.92,12.12,10.92,0.25,-0.01,-0.03,4.09,-14.8,-6.71,31.13,-0.41,0.06,0.93
37.758,3,0.055,0.06,0.26,0.96,186.15,-4.89,30.58,0.12,0.12,0.33,4.09,-42.88,39.52,72.94,-0.04,0.81,1
37.762,2,0.525,-0.19,0.3,-0.78,261.87,0.94,-41.2,0.12,-0.03,0.05,4.09,-15.26,-5.49,18.77,-0.08,-0.62,0.84
37.764,5,-0.846,-0.09,-0.41,-0.33,69.06,38.68,32.9,0.05,0.07,0.07,4.01,-24.87,-25.33,17.24,-0.62,0.46,0.7
37.846,1,0.115,0.09,0.14,0.98,179.5,-7.75,17.46,-0.14,-0.42,0.07,4.09,13.28,2.75,64.24,0.37,-0.01,1.09
37.848,4,0.898,-0.09,0.33,-0.27,333.2,33.39,-24.6,-0.08,0.05,0.03,3.93,6.87,-17.09,28.53,-0.64,-0.46,0.73
37.852,7,0.904,0.08,-0.2,0.37,58.68,-24.6,0.39,-0.49,-0.19,0.08,4.09,-18.01,3.05,69.89,0.25,0.53,1.07
37.853,6,-0.936,-0.12,0.08,0.32,335.46,-3.7,15.74,0,0.66,0.23,3.96,-69.58,122.83,112.92,0.48,-0.16,1.28
37.857,0,0.202,-0.06,0.1,0.97,171.44,9.53,10.24,0.25,-0.05,0.16,4.09,-17.55,-19.68,25.33,-0.42,0.1,1.21
37.858,3,0.043,0.04,0.25,0.97,188.18,-2.8,29.27,0.28,-0.05,-0.18,4.09,-10.07,17.4,-16.63,-0.24,0.34,0.78
37.862,2,0.533,-0.2,0.3,-0.77,263.65,0.26,-42.13,-0.05,0,0.19,4.09,2.14,-26.25,0.61,0.04,-0.85,0.85
37.864,5,-0.845,-0.09,-0.39,-0.35,70.35,36.8,31.87,-0.01,0.04,-0.01,4.01,-11.9,-0.46,21.67,-0.63,0.41,0.67
37.944,1,0.09,0.09,0.13,0.98,182.41,-8.43,15.48,0.16,-0.08,-0.05,4.09,-32.81,-1.22,-21.97,-0.05,0.15,1.01
37.949,4,0.904,-0.09,0.33,-0.25,335.45,33.54,-23.91,-0.16,0.02,-0.02,3.93,-6.87,-5.04,21.36,-0.65,-0.44,0.67
37.957,7,0.9,0.08,-0.17,0.4,61.4,-21.24,0.4,-0.53,0.37,-0.08,4.09,26.86,103.15,-19.68,-0.25,0.13,1.08
37.96,6,-0.975,-0.09,-0.03,0.2,350.92,5.67,8.96,0.43,-0.02,-0.15,3.96,-66.53,119.32,93.99,0.22,0.31,0.87
37.964,0,0.178,-0.05,0.1,0.98,174.15,8.13,9.74,0.35,0.07,-0.04,4.09,-5.34,7.48,28.69,-0.48,0.1,0.88
37.966,3,0.039,0.02,0.24,0.97,189.22,-0.98,27.45,0.23,0.05,-0.15,4.09,-16.48,16.78,6.87,-0.22,0.41,0.75
37.969,2,0.554,-0.21,0.28,-0.75,266.57,0.1,-41.08,-0.01,0.15,-0.03,4.09,22.74,-24.26,44.25,0.16,-0.59,0.73
37.971,5,-0.841,-0.09,-0.39,-0.37,71.96,35.9,32.68,0.04,0.01,0.11,4.01,5.34,8.39,27.16,-0.6,0.45,0.73
38.043,1,0.113,0.06,0.1,0.99,180.42,-5.24,12.7,-0.09,-0.1,-0.11,4.09,-27.31,50.81,-25.33,0.2,0.11,0.87
38.045,4,0.909,-0.09,0.33,-0.23,338.4,34.54,-22.71,-0.09,0.09,-0.07,3.93,-17.85,-3.05,29.75,-0.62,-0.45,0.64
38.049,7,0.913,0.08,-0.05,0.4,60.75,-8.95,5.75,0.12,0.14,0.43,4.09,104.22,81.48,-45.78,0.16,-0.08,1.41
38.051,6,-0.981,-0.06,-0.12,0.15,357.74,14.5,4.48,0.33,0.1,-0.21,3.96,-64.7,68.66,41.5,0.12,0.08,0.81
38.054,0,0.144,-0.06,0.09,0.98,178.16,8.83,9.66,0.39,0.12,-0.14,4.09,-9.92,29.45,34.48,-0.55,0.14,0.78
38.056,3,0.018,0,0.23,0.97,192,0.33,26.58,0.21,-0.02,-0.13,4.09,-3.97,19.68,31.74,-0.22,0.36,0.77
38.06,2,0.584,-0.21,0.27,-0.73,270.81,0.45,-40.36,0.13,0.07,-0.13,4.09,7.63,-15.56,46.08,0.01,-0.46,0.78
38.061,5,-0.83,-0.1,-0.4,-0.38,74.67,35.78,35.29,0,-0.04,0.02,4.01,18.16,22.89,22.13,-0.6,0.55,0.72
38.153,1,0.143,0.05,0.1,0.98,177.18,-3.68,11.84,0.06,-0.08,-0.05,4.09,5.04,-13.43,-27.62,0.08,0.04,0.96
38.154,4,0.911,-0.1,0.34,-0.21,340.51,35.48,-23.13,-0.18,0.08,0.04,3.93,-22.43,1.53,19.38,-0.66,-0.48,0.71
38.158,7,0.918,0.13,0.06,0.37,58.28,1.2,16.24,0.25,0.13,0.15,4.09,99.79,117.03,-64.24,0.11,-0,1.16
38.159,6,-0.983,-0.03,-0.16,0.07,5.95,19.09,2.3,0.14,-0.02,-0.38,3.96,-22.28,10.83,96.59,-0.08,0.06,0.63
38.163,0,0.101,-0.09,0.09,0.99,183.25,10.85,9.72,0.36,-0,-0.13,4.09,-5.04,14.34,53.86,-0.51,0.07,0.8
38.165,3,-0.022,-0.01,0.23,0.97,196.81,0.75,26.4,0.17,-0.07,-0.09,4.09,-7.32,20.9,49.9,-0.17,0.36,0.86
38.169,2,0.618,-0.21,0.26,-0.71,275.81,1.26,-39.69,0.1,0.06,-0.03,4.09,1.22,-23.65,24.87,-0.03,-0.56,0.82
38.171,5,-0.811,-0.11,-0.42,-0.39,79.02,37.11,39.21,0.01,0.01,0.04,4.01,-3.36,39.52,20.75,-0.59,0.44,0.57
38.252,1,0.16,0.06,0.09,0.98,175.01,-4.81,11.86,0.08,-0.23,0.04,4.09,0.92,-5.34,3.97,0.08,-0.05,1.04
38.253,4,0.91,-0.12,0.35,-0.19,342.17,36.34,-25.16,-0.09,0.08,0.02,3.93,-39.06,0.61,12.82,-0.7,-0.51,0.68
38.257,7,0.902,0.16,0.18,0.36,60.08,12.15,25.21,0.52,-0.08,-0.16,4.09,81.02,110.93,22.58,0.24,0.11,0.87
38.258,6,-0.989,-0.02,-0.15,0,14.07,16.89,2.59,-0.32,-0.05,0.25,3.96,-16.48,-31.13,70.8,-0.66,0.13,1.1
38.261,0,0.046,-0.1,0.1,0.99,189.89,11.57,11.15,0.23,0.11,-0.06,4.09,-1.53,8.09,38.45,-0.43,0.25,0.84
38.263,3,-0.071,-0.02,0.22,0.97,202.34,-0.02,25,0.01,-0.01,0.17,4.09,-20.14,6.41,64.54,0,0.5,1.05
38.268,2,0.637,-0.21,0.26,-0.69,278.47,2.07,-39.16,0.13,0.16,-0.08,4.09,1.07,-15.41,2.44,0.12,-0.5,0.79
38.269,5,-0.797,-0.09,-0.43,-0.41,82.62,38.1,39.71,0.03,0.08,-0.01,4.01,-34.48,7.02,14.19,-0.71,0.67,0.63
38.354,1,0.156,0.06,0.09,0.98,175.53,-4.74,11.16,-0.1,-0.07,0.02,4.09,-17.09,18.62,-5.04,0.2,0.16,0.98
38.356,4,0.91,-0.14,0.35,-0.17,343.6,36.19,-27.34,-0.02,0.13,0.08,3.93,-27.01,-14.65,6.56,-0.61,-0.56,0.74
38.359,7,0.881,0.18,0.24,0.36,63.5,17.12,31.47,0.16,-0.32,-0.87,4.09,21.36,-35.4,-28.08,0.24,0.3,0.26
38.361,6,-0.987,-0.02,-0.16,-0.03,17.86,17.89,2.65,1.11,-2.06,-1.68,3.96,27.47,-50.35,-136.41,0.96,1.62,-0.24
38.365,2,0.645,-0.23,0.25,-0.68,280.3,0.81,-39.66,0.11,0.03,-0.03,4.09,-4.12,-13.73,22.74,0.02,-0.53,0.8
38.366,3,-0.117,-0.02,0.21,0.97,207.6,-0.89,23.91,0.14,0.12,0.17,4.09,-19.38,23.96,27.31,-0.11,0.61,0.95
38.37,0,0.007,-0.1,0.11,0.99,194.5,11.76,12.34,0.27,0.05,-0.07,4.09,-2.14,0.76,16.48,-0.45,0.23,0.83
38.372,5,-0.798,-0.07,-0.42,-0.43,83.09,37.86,35.97,0.01,0,-0.08,4.01,-44.71,-6.41,9.31,-0.7,0.3,0.61
38.454,1,0.156,0.04,0.08,0.98,175.78,-2.63,9.18,-0.18,-0.34,0.03,4.09,-26.4,13.28,1.68,0.32,-0.08,1.06
38.455,4,0.916,-0.15,0.34,-0.16,345.43,34.83,-27.2,-0.1,0.09,0.04,3.93,-3.2,-20.6,24.72,-0.65,-0.49,0.69
38.459,7,0.906,0.21,0.2,0.31,55.49,13.68,31.29,-0.15,0.35,0.21,4.09,20.45,-60.58,6.1,-0.58,0.22,1.04
38.46,6,-0.996,-0.04,-0.08,0.02,11.72,9.64,3.94,-0.01,0.07,0.1,3.96,-2.29,-70.65,90.18,-0.13,0.12,1.05
38.464,0,-0.03,-0.09,0.11,0.99,198.77,10.33,13.04,0.2,0.03,0.07,4.09,-4.73,-19.38,17.4,-0.34,0.25,1.01
38.466,3,-0.123,-0.02,0.2,0.97,208.44,-0.12,23.31,0.3,0.1,-0.15,4.09,-1.83,-3.51,-18.46,-0.28,0.49,0.73
38.47,2,0.646,-0.24,0.24,-0.68,281.13,-0.63,-39.95,-0.01,0.13,0.06,4.09,1.83,-16.94,-17.09,0.15,-0.68,0.82
38.471,5,-0.792,-0.05,-0.41,-0.45,85.07,37.41,33.94,-0.03,-0.06,0.16,4.01,-22.58,14.34,18.46,-0.69,0.58,0.79
38.556,1,0.148,0.03,0.07,0.99,176.81,-1.7,8.4,0.03,-0.45,0.3,4.09,33.57,22.43,38.15,0.15,-0.24,1.23
38.557,4,0.921,-0.15,0.33,-0.14,347.91,34.38,-26.6,-0.1,0.15,0.1,3.93,-11.14,-1.68,24.87,-0.55,-0.47,0.67
38.561,7,0.896,0.22,0.16,0.35,58.82,7,30.75,0.66,0.65,0.08,4.09,-48.68,88.04,91.55,0.01,-0.38,1.3
38.562,6,-0.998,-0.05,-0.02,-0,14.41,2.79,5.86,-0,0.01,0.02,3.96,21.67,-61.65,-2.14,-0.05,0.14,0.99
38.566,0,-0.078,-0.07,0.09,0.99,203.73,6.88,11.54,0.42,-0.03,0.06,4.09,-27.01,4.12,17.4,-0.54,0.24,0.95
38.568,3,-0.104,-0.02,0.2,0.97,206.27,0.22,23.38,0.23,0.02,-0.02,4.09,9.77,-18.77,-28.53,-0.22,0.47,0.86
38.572,2,0.641,-0.25,0.22,-0.69,280.82,-3,-38.86,-0.05,-0.01,0.28,4.09,18.46,0.61,39.37,0.05,-0.72,0.97
38.573,5,-0.785,-0.03,-0.41,-0.46,86.56,38.49,32.71,-0.01,-0.07,0.23,4.01,-18.62,24.11,2.44,-0.63,0.47,0.75
38.648,1,0.082,0.02,0.1,0.99,184.46,-1.82,11.6,0.13,-0.51,0.02,4.09,49.44,3.36,161.44,0.01,-0.29,1.13
38.65,4,0.921,-0.16,0.33,-0.13,349,34.58,-27.13,-0.05,0.07,0.13,3.93,-39.06,6.26,-9.92,-0.62,-0.48,0.77
38.654,7,0.869,0.21,0.1,0.44,67.4,-0.57,26.41,0.16,-0.12,0,4.09,-39.06,-25.33,81.94,0.23,0.38,0.84
38.656,6,-0.997,-0.08,0.03,0.01,12.72,-2.78,8.71,0.05,0.1,0.06,3.96,32.81,-52.03,10.38,0.11,0.08,1.02
38.659,2,0.675,-0.23,0.23,-0.66,285.09,-0.25,-37.76,0.27,0.05,-0.14,4.09,1.37,-9.92,3.81,0.08,-0.35,0.95
38.661,3,-0.077,-0.01,0.22,0.97,203.06,-0.41,25.26,0.09,0.02,0.01,4.09,18.16,-24.57,-15.41,-0.07,0.46,0.9
38.665,0,-0.123,-0.06,0.08,0.99,208.72,5.78,9.59,0.4,-0.06,-0.07,4.09,-14.19,10.99,23.5,-0.5,0.18,0.85
38.667,4,0.912,-0.19,0.34,-0.14,346.23,34.01,-31.74,-0.15,0.13,0.13,3.93,-22.13,3.66,12.05,-0.62,-0.58,0.69
38.748,1,-0.013,0.04,0.12,0.99,195,-4.53,13.35,0.07,-0.12,-0.03,4.09,8.24,-24.72,101.62,-0.01,0.11,0.95
38.75,5,-0.781,-0,-0.42,-0.47,87.33,40.27,31.21,0.05,0.16,-0.07,4.01,-19.53,14.04,-16.63,-0.76,0.22,0.66
38.754,7,0.831,0.19,0.03,0.52,76.62,-8.63,20.99,-0.2,-0.41,-0.08,4.09,-53.1,-47.91,51.73,0.31,0.57,0.78
38.755,6,-0.99,-0.11,0.09,0.01,12.17,-9.92,12.58,-0.08,0.04,0.02,3.96,40.13,-87.13,-9.16,0.11,0.16,1
38.759,0,-0.167,-0.06,0.05,0.98,213.69,5.49,7.08,0.38,-0.06,-0.16,4.09,-30.98,5.65,18.16,-0.48,0.16,0.78
38.76,3,-0.068,-0,0.24,0.97,201.78,-1.38,27.53,0.13,0.01,-0.06,4.09,17.7,-7.02,18.16,-0.12,0.47,0.81
38.765,2,0.688,-0.23,0.22,-0.65,286.79,0.49,-36.92,0.17,0.04,-0.05,4.09,5.49,-3.2,45.32,0.03,-0.44,0.86
38.767,5,-0.779,0.01,-0.42,-0.46,87.3,42.25,29.88,0.11,0.09,-0.07,4.01,-12.05,12.97,-1.07,-0.7,0.28,0.79
38.846,1,-0.079,0.07,0.12,0.99,202.15,-8.49,13.42,-0.01,-0.14,-0.15,4.09,13.58,-23.5,77.67,0.09,0.04,0.89
38.848,4,0.907,-0.21,0.34,-0.14,345.21,33.51,-34.73,-0.01,0.15,0.07,3.93,-25.02,-1.22,-1.83,-0.62,-0.6,0.62
38.852,7,0.824,0.18,-0.02,0.54,78.36,-13.23,16.28,0.05,0.14,-0.02,4.09,-34.79,-33.72,55.69,0.07,0.11,0.99
38.854,6,-0.978,-0.14,0.15,0.01,10.48,-16.7,17.3,-0.26,0.23,0.06,3.96,37.69,-59.66,26.86,0.04,0.17,1.09
38.857,0,-0.211,-0.07,0.03,0.97,218.77,6.75,4.5,0.32,-0.18,-0.14,4.09,-26.86,7.32,25.33,-0.47,0.03,0.8
38.859,3,-0.093,0.01,0.25,0.96,204.19,-3.37,28.8,0.15,-0,-0.04,4.09,0.92,-3.2,37.69,-0.06,0.5,0.82
38.862,2,0.703,-0.22,0.23,-0.64,288.92,2.21,-36.65,0.07,-0.01,-0.01,4.09,-4.27,-1.68,20.9,-0.02,-0.53,0.84
38.864,5,-0.771,0.03,-0.43,-0.47,88.73,43.91,29.18,0.08,0.05,0.05,4.01,-24.72,16.78,12.97,-0.7,0.35,0.69
38.974,1,-0.137,0.09,0.13,0.98,208.61,-12.15,13.43,-0.09,-0.24,0.01,4.09,14.19,-9.92,79.35,0.25,-0.01,1
38.976,4,0.902,-0.23,0.33,-0.15,343.8,32.16,-37.53,0.06,0.17,-0.01,3.93,-4.43,-12.36,-13.73,-0.66,-0.8,0.57
38.979,7,0.768,0.16,-0.07,0.62,89.88,-18.15,10.07,0.01,-0.1,0.08,4.09,-27.92,-18.16,137.63,0.45,0.2,1
38.981,6,-0.969,-0.17,0.18,0.01,9.36,-19.72,20.88,-0.69,0.71,0.23,3.96,12.36,30.82,12.97,-0.24,-0.2,1.55
38.985,0,-0.267,-0.06,-0.01,0.96,225.18,7.3,1.04,0.26,-0.09,-0.02,4.09,-33.42,-7.78,30.52,-0.39,0.06,0.95
38.987,3,-0.135,0.02,0.25,0.96,208.38,-6.52,28.09,0.1,-0.04,0.23,4.09,-15.26,7.63,83.77,0.03,0.61,1.08
38.991,2,0.71,-0.22,0.22,-0.63,290.14,1.81,-36.42,-0.02,0.03,0.06,4.09,-6.87,2.59,-31.74,-0.02,-0.65,0.81
38.992,5,-0.762,0.05,-0.42,-0.49,90.58,44.05,27.75,0.04,-0.03,-0.04,4.01,-33.57,0.15,12.51,-0.68,0.31,0.72
39.053,1,-0.196,0.1,0.14,0.96,215.23,-14.55,14.24,-0.25,-0.14,0.1,4.09,36.01,-9.77,71.87,0.44,0.03,1.07
39.055,4,0.909,-0.24,0.31,-0.15,345.56,29.19,-36.88,-0.11,0.13,-0.09,3.93,5.8,-35.71,1.07,-0.5,-0.61,0.55
39.058,7,0.694,0.15,-0.11,0.7,103.41,-21.16,3.85,-0.11,0.17,0.15,4.09,-14.19,-3.05,126.04,0.29,0.1,1.15
39.059,6,-0.981,-0.16,0.11,-0.03,14.93,-12.41,18.7,0.08,0.5,0.33,3.96,-24.11,115.81,28.08,0.37,-0.08,1.36
39.063,0,-0.323,-0.05,-0.03,0.94,231.68,6.21,-1.36,0.21,-0.08,0.13,4.09,-16.63,-3.66,37.84,-0.34,0.03,1.1
39.065,3,-0.172,0.03,0.23,0.96,212.6,-7.88,26.05,0.28,-0.07,-0.08,4.09,17.24,0,-14.19,-0.1,0.41,0.84
39.068,2,0.718,-0.22,0.23,-0.62,291.43,3.23,-36.77,0.11,0.03,-0.02,4.09,3.51,7.17,12.97,-0.01,-0.52,0.89
39.07,5,-0.758,0.08,-0.41,-0.5,91.06,44.04,24.35,0.08,0.04,0.01,4.01,-27.77,3.2,-5.65,-0.72,0.2,0.69
39.167,1,-0.237,0.1,0.17,0.95,219.82,-15.3,16.16,0.13,-0.06,0.03,4.09,43.95,7.32,28.38,0.07,0.38,1.08
39.169,4,0.916,-0.25,0.29,-0.13,348.25,27.6,-36.56,-0.07,-0.01,-0.01,3.93,-10.22,-24.41,16.78,-0.55,-0.57,0.67
39.172,7,0.642,0.12,-0.13,0.74,113.06,-20.89,-2.62,-0.53,0.52,0.06,4.09,-24.57,24.11,39.52,-0.04,0.58,1.19
39.174,6,-0.985,-0.11,0.03,-0.13,28.97,-4.62,12.21,0.24,-0.42,0.27,3.96,-43.64,130.62,160.22,0.19,0.68,1.13
39.177,0,-0.376,-0.02,-0.03,0.93,238.14,3.3,-2.56,0.35,-0.08,0.24,4.09,-7.02,-32.2,25.63,-0.38,0.15,1.23
39.179,3,-0.175,0.03,0.24,0.95,212.85,-8.48,26.99,0.28,-0.06,-0.14,4.09,-3.05,4.73,25.02,-0.14,0.42,0.78
39.183,2,0.714,-0.22,0.22,-0.63,290.74,2.58,-36.64,-0.07,0.07,0.08,4.09,6.1,-4.73,14.95,0.03,-0.65,0.86
39.185,5,-0.753,0.09,-0.41,-0.51,92.03,44.85,23.82,0,-0.08,0.04,4.01,3.81,18.77,-3.05,-0.68,0.27,0.69
39.267,1,-0.236,0.09,0.17,0.95,219.76,-14.67,16.35,0.49,-0.26,-0.01,4.09,-39.52,31.28,-81.02,-0.3,0.28,1.08
39.268,4,0.919,-0.25,0.28,-0.11,350.79,27.23,-36.54,-0.17,-0.02,0.03,3.93,-15.72,-7.17,12.36,-0.56,-0.54,0.64
39.272,7,0.662,0.06,-0.08,0.74,110.77,-11.75,-2.03,-0.28,-0.04,0.1,4.09,11.6,128.63,-24.57,0.36,0.28,1.09
39.273,6,-0.982,-0.05,-0.06,-0.17,33.85,6.25,6.99,0.32,0.12,-0.06,3.96,-68.97,86.52,-22.28,0.11,-0.22,1.01
39.276,0,-0.412,-0,-0.03,0.91,242.69,1.65,-2.71,0.42,-0.25,-0.1,4.09,-4.73,-9,0.31,-0.49,0.09,0.9
39.278,3,-0.2,0.04,0.24,0.95,215.5,-9.73,27.13,0.23,-0.14,-0.16,4.09,-1.07,4.12,36.16,-0.12,0.37,0.8
39.281,2,0.719,-0.22,0.22,-0.62,291.33,2.59,-35.68,0.14,-0.05,-0.06,4.09,11.29,-0.76,19.84,-0.08,-0.42,0.84
39.283,5,-0.737,0.08,-0.43,-0.51,95.55,46.47,27.51,0.06,0.04,-0.11,4.01,18.92,29.3,21.36,-0.69,0.22,0.57
39.366,1,-0.17,0.06,0.14,0.97,212.58,-9.84,14.68,0.12,-0.15,-0.03,4.09,-19.99,9.31,-92.62,0.01,0.16,0.96
39.367,4,0.914,-0.27,0.28,-0.1,351.7,27.84,-38.44,-0.06,-0.04,-0.13,3.93,-20.75,8.24,10.22,-0.56,-0.53,0.62
39.371,7,0.712,0.04,0.01,0.7,103.08,-2.73,3.91,-0.04,-0.32,0.15,4.09,104.52,51.12,-137.94,0.35,0.16,1.19
39.372,6,-0.968,0.02,-0.12,-0.22,40.06,13.78,1.13,0.34,-0.12,-0.41,3.96,-59.36,47.91,96.89,0.2,-0.02,0.65
39.375,0,-0.434,-0.01,-0.04,0.9,245.41,2.56,-3.47,0.38,-0.23,-0.11,4.09,-2.44,14.5,-3.66,-0.45,0.08,0.87
39.377,3,-0.244,0.05,0.24,0.94,220.4,-11.91,26.31,-0.05,-0.12,0.03,4.09,-9.16,0,96.28,0.16,0.41,0.88
39.38,2,0.733,-0.21,0.22,-0.61,293.34,3.56,-34.73,0.04,-0.05,0.01,4.09,0.92,-6.87,28.23,-0.09,-0.53,0.85
39.382,5,-0.721,0.08,-0.46,-0.52,99.49,47.9,31.51,0.01,-0.05,0.09,4.01,8.24,27.77,22.28,-0.73,0.44,0.64
39.464,1,-0.108,0.06,0.14,0.98,205.55,-8.16,14.9,0.12,-0.15,-0.11,4.09,-13.43,-11.6,-84.69,0.05,0.07,0.85
39.466,4,0.909,-0.29,0.29,-0.09,352.12,28.11,-40.61,-0.17,-0.03,-0.01,3.93,-25.48,-10.53,1.22,-0.56,-0.57,0.53
39.47,7,0.786,0.06,0.12,0.6,89.89,6.66,13.88,0.41,-0.21,0.04,4.09,90.18,90.03,-106.51,0.13,-0.1,1.09
39.471,6,-0.945,0.05,-0.12,-0.3,48.95,14.71,-2,0.08,0.29,-0.03,3.96,-53.86,-27.01,65.31,-0.34,-0.31,0.92
39.474,0,-0.452,-0.03,-0.05,0.89,247.76,5.26,-3.7,0.33,-0.23,-0.14,4.09,2.14,14.65,3.36,-0.46,0.09,0.82
39.476,3,-0.285,0.06,0.25,0.92,224.98,-14.54,25.81,0.07,0.01,0.09,4.09,15.41,-2.14,13.58,0.23,0.52,0.96
39.479,2,0.754,-0.2,0.22,-0.59,296.68,5.48,-34.46,0.2,-0.13,-0.14,4.09,-1.53,0.15,28.38,-0.16,-0.29,0.82
39.481,5,-0.707,0.09,-0.46,-0.53,102.77,48.61,33.11,0.03,0.02,-0.08,4.01,-32.35,-12.36,1.37,-0.84,0.34,0.6
39.551,1,-0.061,0.06,0.13,0.99,200,-8.23,14.75,-0.04,-0.26,-0.12,4.09,-14.5,-18.16,-54.63,0.13,-0.03,0.93
39.553,4,0.909,-0.3,0.28,-0.08,353.82,27.06,-41.8,-0.21,0.07,0.16,3.93,3.05,-30.98,12.97,-0.49,-0.49,0.53
39.556,7,0.8,0.07,0.23,0.55,86.32,16.59,22.64,0.19,-0.38,-0.06,4.09,99.18,71.87,-94.45,0.16,0.24,0.88
39.558,6,-0.933,0.08,-0.08,-0.34,53.79,11.68,-5.46,0.18,-0.34,-0.35,3.96,-35.86,-78.43,6.1,0.18,0.08,0.86
39.561,0,-0.48,-0.05,-0.06,0.87,251.36,8.25,-2.98,0.31,-0.14,-0.14,4.09,12.36,4.43,-13.28,-0.4,0.14,0.83
39.563,3,-0.291,0.06,0.26,0.92,225.36,-15.69,27.36,0.05,-0.05,0.12,4.09,6.87,-2.75,11.75,0.22,0.46,0.93
39.567,2,0.756,-0.2,0.23,-0.58,297.22,5.96,-35.03,0.14,-0.04,-0.04,4.09,-11.6,-2.75,-12.36,-0.1,-0.43,0.86
39.568,5,-0.706,0.11,-0.44,-0.55,102.23,47.43,28.62,0.11,-0.03,-0.09,4.01,-50.96,-11.9,18.77,-0.71,0.3,0.72
39.685,1,-0.026,0.07,0.12,0.99,196.03,-8.52,13.94,-0.02,-0.29,0.09,4.09,-23.04,3.51,-47.3,0.18,-0.04,1.13
39.687,4,0.919,-0.3,0.25,-0.07,356.91,24.7,-39.75,-0.12,-0.02,-0.01,3.93,20.6,-36.16,10.38,-0.53,-0.57,0.65
39.692,7,0.833,0.09,0.3,0.46,77.64,24.91,27.41,0.29,-0.09,-0.54,4.09,47.45,-21.51,-60.58,-0.02,0.06,0.55
39.694,6,-0.929,0.07,-0.03,-0.36,56.26,6.5,-6.68,-0.63,-0.98,-0.36,3.96,56.3,-112.92,-148.32,0.16,0.35,1.15
39.697,0,-0.487,-0.06,-0.05,0.87,252.38,9.18,-1.69,0.16,-0.06,0.02,4.09,13.58,-1.83,-11.29,-0.3,0.07,0.99
39.699,3,-0.316,0.08,0.25,0.91,228.31,-17.2,25.49,0.37,-0.05,-0.02,4.09,-17.09,13.58,2.29,-0.06,0.61,0.83
39.703,2,0.748,-0.22,0.22,-0.59,296.36,4.81,-36.03,0.03,0.05,0.06,4.09,-4.58,-1.98,-30.98,-0.02,-0.64,0.86
39.705,5,-0.697,0.12,-0.41,-0.57,103.77,45.9,25.62,0,0,-0.05,4.01,-14.5,-6.1,16.02,-0.7,0.29,0.6
39.767,1,-0.001,0.06,0.1,0.99,193.43,-6.72,12,-0.34,-0.28,0.09,4.09,-32.2,14.34,-34.33,0.48,-0.08,1.1
39.769,4,0.93,-0.28,0.23,-0.05,0.05,23.38,-36.7,-0.12,0.03,0.03,3.93,15.26,-11.44,4.43,-0.5,-0.6,0.68
39.772,7,0.849,0.13,0.28,0.43,73.35,21.93,29.52,-0.23,0.15,0.15,4.09,30.36,-59.81,40.74,-0.64,0.57,0.76
39.774,6,-0.946,0.02,0.05,-0.32,51.42,-4.36,-4.31,0.01,-0.28,-0.14,3.96,13.12,-94.6,11.75,0.08,0.16,0.94
39.777,0,-0.495,-0.05,-0.04,0.87,253.5,7.72,-1.29,0.24,-0.05,0.12,4.09,1.98,-18.46,-5.8,-0.31,0.16,1.1
39.779,3,-0.313,0.06,0.25,0.92,228.39,-15.42,25.21,0.13,-0.16,-0.14,4.09,-1.07,13.89,-1.83,0.02,0.33,0.85
39.783,2,0.737,-0.22,0.22,-0.6,294.86,2.93,-36.3,-0.05,0.14,0.22,4.09,1.68,-6.1,-16.48,0.07,-0.77,0.96
39.785,5,-0.691,0.13,-0.41,-0.58,104.93,45.5,25.12,0.03,-0.02,0.11,4.01,-8.54,4.43,0,-0.69,0.28,0.68
39.865,1,0.013,0.05,0.1,0.99,192.03,-5.87,11.27,0.15,-0.24,0.01,4.09,31.43,5.19,27.47,-0.11,-0.07,0.96
39.867,4,0.935,-0.27,0.22,-0.04,1.99,23.58,-34.81,-0.06,-0.01,0.05,3.94,4.12,-13.43,6.26,-0.4,-0.48,0.7
39.871,7,0.849,0.15,0.25,0.44,73.48,17.18,29.5,1.31,0.33,-1.54,4.09,-67.44,53.56,103.76,0.48,-1.12,0.04
39.872,6,-0.955,-0.02,0.11,-0.28,46.33,-12.81,-0.93,0.1,0.2,0,3.96,30.52,-78.89,-72.63,0.19,-0.23,0.98
39.876,0,-0.505,-0.04,-0.04,0.86,254.67,6.28,-1.88,0.21,-0.29,-0.02,4.09,-7.17,-0.92,-1.37,-0.46,0.06,0.89
39.878,3,-0.32,0.05,0.24,0.92,229.45,-14.04,24.94,0.27,-0.11,-0.09,4.09,11.9,5.65,-11.44,-0.06,0.45,0.84
39.882,2,0.731,-0.23,0.21,-0.61,293.84,1.59,-35.67,-0.05,-0.01,0.13,4.09,7.02,-7.02,5.8,-0.05,-0.69,0.9
39.884,5,-0.687,0.13,-0.41,-0.59,105.92,45.68,25.41,0.05,-0.06,-0.09,4.01,4.27,9.92,3.2,-0.63,0.22,0.62
39.963,1,-0.037,0.05,0.12,0.99,197.6,-6.15,13.67,0.05,-0.48,0.06,4.09,43.95,32.81,132.45,0.09,-0.19,1.08
39.964,4,0.935,-0.28,0.22,-0.03,3.28,23.52,-35.25,-0.09,-0.02,0.02,3.94,-24.72,6.71,5.04,-0.45,-0.51,0.71
39.969,7,0.821,0.17,0.16,0.52,79.99,5.39,26.75,0.2,-0.15,0.09,4.09,-35.86,-50.96,37.69,0.19,0.31,0.98
39.97,6,-0.956,-0.07,0.16,-0.24,41.74,-19.21,3.2,-0.09,-0.03,-0.06,3.96,29.91,-68.05,-51.42,0.23,0.12,0.86
39.974,0,-0.524,-0.05,-0.05,0.85,257.26,7.81,-1.71,0.21,-0.31,-0.04,4.09,4.58,5.95,17.4,-0.5,0.02,0.88
39.975,3,-0.324,0.04,0.25,0.91,230.07,-13.12,25.84,0.17,-0.08,-0.09,4.09,3.97,6.41,5.49,0.02,0.45,0.82
39.979,2,0.755,-0.22,0.21,-0.58,297.96,3.21,-35.62,0.24,-0.09,-0.16,4.09,-6.41,-11.75,33.72,-0.07,-0.27,0.83
39.98,5,-0.68,0.13,-0.42,-0.58,107.54,46.79,27.43,0.01,-0.02,0.04,4.01,23.5,23.65,1.37,-0.67,0.31,0.59
40.062,1,-0.138,0.06,0.13,0.98,209.07,-8.47,14,-0.02,-0.29,-0.03,4.09,7.63,-12.05,109.56,0.12,0.01,0.96
40.063,4,0.926,-0.29,0.24,-0.02,3.29,25.21,-37.68,-0.16,-0.01,-0.02,3.94,-28.23,21.21,9,-0.48,-0.49,0.6
40.068,7,0.79,0.18,0.09,0.58,86.04,-3.37,22.6,-0.29,-0.18,0.03,4.09,-55.24,-59.36,72.33,0.13,0.72,0.85
40.069,6,-0.955,-0.12,0.21,-0.18,32.83,-25.78,10.04,-0.02,0.35,0.03,3.96,38.76,-57.07,-63.78,0.38,-0.17,1
40.073,0,-0.55,-0.06,-0.06,0.83,260.95,9.31,-1.76,0.28,-0.22,-0.13,4.09,-1.07,0.61,5.95,-0.44,0.13,0.79
40.074,3,-0.345,0.03,0.24,0.91,232.84,-12.53,25.58,0.16,0.02,-0.02,4.09,1.07,14.5,29.91,0.1,0.53,0.85
40.077,2,0.754,-0.24,0.2,-0.58,298.43,1.42,-35.86,0.02,-0.02,0.03,4.09,-6.1,-19.38,-8.09,-0.04,-0.6,0.85
40.079,5,-0.67,0.13,-0.45,-0.58,109.93,48.64,31.18,-0.07,-0.05,-0.03,4.01,9.16,17.09,1.98,-0.67,0.33,0.52
40.195,1,-0.193,0.09,0.14,0.97,215.08,-12.72,13.63,0.17,-0.17,-0.13,4.09,18.31,-35.71,64.39,-0.01,0.11,0.89
40.197,4,0.912,-0.32,0.26,-0.01,1.6,27.58,-41.5,-0.14,0.03,-0.06,3.94,-23.96,24.87,-9.61,-0.61,-0.65,0.56
40.201,7,0.78,0.17,0.02,0.6,87.91,-10.41,16.83,0.06,0.02,-0.02,4.09,-52.49,-46.69,54.78,0.17,0.18,0.92
40.203,6,-0.949,-0.16,0.24,-0.13,26.02,-29.64,15.78,-0.34,0.37,0.03,3.96,30.36,-39.37,-58.44,0.14,0.05,1.17
40.206,0,-0.567,-0.06,-0.06,0.82,263.3,9.84,-1.76,0.09,-0.2,-0.14,4.09,-0.46,14.65,16.33,-0.36,-0.01,0.82
40.208,3,-0.363,0.02,0.24,0.9,235.31,-12,25.81,0.11,-0.01,0.06,4.09,-3.05,13.12,6.1,0.13,0.51,0.94
40.211,2,0.766,-0.25,0.2,-0.56,301.34,1.42,-36.77,0.06,-0.07,-0.13,4.09,-13.28,-12.36,16.63,-0.08,-0.47,0.75
40.213,5,-0.662,0.13,-0.46,-0.58,111.97,49.14,33.13,0.06,-0.01,0.01,4.01,-4.43,-9.46,18.92,-0.67,0.38,0.62
40.275,1,-0.221,0.11,0.15,0.96,218,-16.44,14.55,-0.02,-0.25,-0.06,4.09,17.7,-29.6,31.74,0.18,0.01,0.97
40.277,4,0.909,-0.32,0.27,-0.02,1.05,28.17,-42.21,-0.14,0.16,0.16,3.94,8.39,-3.2,8.54,-0.61,-0.76,0.57
40.28,7,0.724,0.16,-0.06,0.67,98.1,-17.63,8.81,-0.15,-0.07,0.07,4.09,-52.64,-54.02,99.95,0.38,0.32,0.98
40.282,6,-0.949,-0.19,0.24,-0.09,19.99,-29.17,20.63,-0.78,0.7,-0.06,3.96,-10.07,73.7,-16.63,-0.33,-0.05,1.28
40.286,0,-0.58,-0.07,-0.07,0.81,265.09,11.23,-2.3,0.17,-0.13,-0.06,4.09,-5.04,9.61,11.14,-0.36,0.07,0.9
40.288,3,-0.389,0.01,0.23,0.89,238.78,-11.36,24.04,0.11,-0.05,0.22,4.09,-12.82,28.69,6.87,0.12,0.47,1.02
40.291,2,0.773,-0.26,0.2,-0.54,303.25,1.57,-38.13,-0.04,-0.02,-0.1,4.09,-12.97,-9.61,22.74,-0.05,-0.58,0.65
40.293,5,-0.659,0.12,-0.44,-0.6,112.44,46.23,31.65,0.07,0,-0.06,4.01,-16.02,-28.69,21.67,-0.72,0.51,0.76
40.374,1,-0.25,0.12,0.17,0.94,220.96,-18.69,16.43,-0.27,-0.39,0.13,4.09,38.45,-7.17,44.71,0.45,-0.17,1.15
40.375,4,0.92,-0.3,0.25,-0,3.6,27.62,-38.66,-0.1,-0.03,-0.08,3.94,32.65,-28.38,21.06,-0.59,-0.5,0.63
40.379,7,0.688,0.15,-0.12,0.7,104.61,-21.83,2.43,-0.3,0.38,0.06,4.09,-21.67,-18.46,63.63,0.04,0.34,1.12
40.38,6,-0.971,-0.17,0.14,-0.1,23.07,-17.5,18.11,0.22,0.43,0.38,3.96,-35.55,144.96,-0.61,0.58,-0.03,1.31
40.385,0,-0.602,-0.07,-0.08,0.79,268.33,12.1,-2.32,0.08,-0.06,0.2,4.09,-7.02,-7.78,26.4,-0.33,0.01,1.15
40.386,3,-0.391,-0.01,0.22,0.89,239.37,-9.17,23.45,0.25,-0.24,-0.1,4.09,-4.27,1.68,-27.92,-0.19,0.38,0.87
40.391,2,0.776,-0.27,0.19,-0.54,304.63,0.63,-39,-0.07,0.07,0.14,4.09,-3.97,-10.99,-32.35,0.1,-0.87,0.84
40.392,5,-0.652,0.12,-0.42,-0.62,113.81,43.99,30.52,0.05,-0.07,-0,4.01,-19.68,-12.66,15.11,-0.62,0.31,0.67
40.473,1,-0.278,0.13,0.18,0.93,224.24,-19.81,16.88,0.15,-0.09,0.38,4.09,-16.02,-18.77,14.04,0.19,0.56,1.52
40.474,4,0.928,-0.28,0.24,0.01,6.66,27.31,-35.48,-0.05,0.05,-0.01,3.94,12.51,-7.63,27.16,-0.6,-0.58,0.7
40.477,7,0.653,0.12,-0.13,0.74,111.25,-20.48,-1.96,-0.57,0.25,0.11,4.09,-0.76,30.21,18.46,0.17,0.55,1.14
40.479,6,-0.976,-0.1,0.05,-0.18,34.72,-8.12,10.21,-0.03,0.1,0.27,3.96,-61.19,136.41,139.01,0.12,0.29,1.26
40.482,0,-0.626,-0.06,-0.08,0.77,271.77,10.76,-2.66,0.41,-0.06,0.25,4.09,-8.7,-4.43,0,-0.39,0.36,1.16
40.484,3,-0.373,-0.01,0.21,0.9,237.21,-8.35,23.02,0.19,-0.13,-0.08,4.09,1.68,-6.71,-31.59,-0.08,0.39,0.85
40.488,2,0.783,-0.28,0.18,-0.53,306.41,-0.84,-38.45,0.09,0.04,0.2,4.09,11.75,-17.09,18.92,0.09,-0.69,0.98
40.489,5,-0.646,0.12,-0.4,-0.64,114.7,42.23,29.36,-0.07,-0.14,0.21,4.01,-4.58,-11.44,5.8,-0.58,0.49,0.77
40.572,1,-0.263,0.13,0.16,0.94,222.73,-19.38,14.51,0.41,-0.3,-0.06,4.09,-32.04,31.43,-43.79,-0.11,0.18,1.1
40.573,4,0.931,-0.27,0.25,0.03,9.06,28.26,-33.31,-0.05,-0.03,-0.02,3.94,5.65,0.31,21.36,-0.58,-0.41,0.68
40.577,7,0.679,0.08,-0.06,0.73,107.95,-11.11,1.24,-0.23,-0.09,0.13,4.09,48.07,153.05,-1.37,0.5,0.36,1.1
40.578,6,-0.967,-0.04,-0.04,-0.25,43.09,2.83,5.64,0.16,-0.2,-0.16,3.96,-46.54,105.74,4.43,0.22,0.16,0.8
40.582,0,-0.637,-0.06,-0.08,0.76,273.4,11.01,-2.39,0.23,-0.32,-0.02,4.09,-3.66,15.72,12.36,-0.52,0.1,0.91
40.584,3,-0.359,-0.01,0.21,0.91,235.49,-8.11,23.45,0.21,-0.21,-0.15,4.09,7.93,-2.9,-14.04,-0.18,0.32,0.82
40.588,2,0.798,-0.28,0.17,-0.51,309.28,-1.01,-37.57,0.14,-0.04,-0.08,4.09,6.41,-16.17,49.13,0.03,-0.44,0.83
40.589,5,-0.64,0.11,-0.4,-0.64,116,41.72,30.05,-0,-0.08,0.1,4.01,15.56,23.19,12.82,-0.56,0.43,0.72
40.671,1,-0.229,0.11,0.14,0.96,219.16,-15.53,12.89,0.06,-0.1,-0.05,4.09,-26.7,11.9,-77.06,0.17,0.15,0.93
40.672,4,0.928,-0.27,0.25,0.05,10.65,29.76,-33.17,-0.15,-0.04,-0.05,3.93,-25.02,9.16,8.85,-0.65,-0.52,0.69
40.677,7,0.705,0.07,0.06,0.7,103.84,-1.06,10.33,0.27,-0.16,0.31,4.09,118.71,91.09,-42.88,0.19,0.02,1.36
40.678,6,-0.957,0.02,-0.09,-0.27,46.14,10.87,0.45,0.17,-0.08,-0.32,3.96,-48.98,66.22,86.98,0.05,-0.03,0.69
40.682,0,-0.653,-0.07,-0.09,0.75,275.9,13.17,-2.65,0.27,-0.24,-0.08,4.09,-6.56,17.85,24.87,-0.48,0.19,0.84
40.684,3,-0.359,-0.01,0.22,0.91,235.62,-7.65,24.03,0.07,-0.13,-0.13,4.09,5.04,16.48,23.19,-0.01,0.32,0.82
40.688,2,0.819,-0.27,0.16,-0.48,313.23,0.41,-36.81,0.14,0,-0.1,4.09,0,-13.28,17.09,0.06,-0.47,0.82
40.69,5,-0.625,0.12,-0.43,-0.64,119.35,43.53,34,0,0.03,-0.08,4.01,6.26,30.82,13.89,-0.69,0.47,0.63
40.77,1,-0.189,0.11,0.13,0.97,214.52,-14.78,13.13,-0.04,-0.23,-0.11,4.09,-12.97,-19.84,-49.13,0.17,-0.03,0.92
40.772,4,0.917,-0.29,0.26,0.06,11.05,31.12,-36.46,-0.13,0.04,-0,3.93,-45.01,11.14,3.66,-0.63,-0.5,0.6
40.775,7,0.726,0.07,0.2,0.65,100.31,11.4,21.69,0.44,-0.28,-0.15,4.09,90.79,99.33,-48.98,0.12,-0.06,0.98
40.777,6,-0.923,0.05,-0.12,-0.36,56.84,14.8,-0.12,-0,0.14,-0.13,3.96,-33.26,-16.17,52.64,-0.29,-0.15,0.84
40.78,0,-0.675,-0.1,-0.11,0.72,279.92,16.71,-1.4,0.26,-0.15,-0.1,4.09,-3.66,13.89,20.6,-0.41,0.23,0.82
40.782,3,-0.388,-0.02,0.22,0.9,239.23,-7.73,24.29,0.09,0.01,0.19,4.09,8.24,-2.29,22.58,0.1,0.56,1.1
40.786,2,0.83,-0.28,0.16,-0.46,316,0.32,-36.84,0.07,-0.01,-0.03,4.09,-11.44,-16.33,36.47,0.01,-0.53,0.81
40.788,5,-0.608,0.13,-0.44,-0.65,122.54,45.15,35.19,0.1,0.02,-0.03,4.01,-32.2,11.14,16.33,-0.76,0.48,0.69
40.871,1,-0.173,0.11,0.13,0.97,212.63,-14.77,12.45,-0.01,-0.14,-0.1,4.09,-16.48,-2.29,-17.55,0.19,0.06,0.89
40.872,4,0.906,-0.33,0.26,0.07,10.65,31.4,-40.5,-0.1,0.03,-0.09,3.93,-15.41,-17.24,13.43,-0.57,-0.45,0.51
40.876,7,0.708,0.08,0.29,0.64,103.21,18.64,30.47,0.06,-0.33,-0.53,4.09,68.05,35.86,-9.61,0.15,0.22,0.48
40.877,6,-0.914,0.05,-0.09,-0.39,60.21,11.78,-1.52,-0.29,0.23,0.58,3.96,-4.58,-51.88,-12.97,-0.69,0,1.53
40.88,0,-0.686,-0.12,-0.11,0.71,282.19,18.89,0.22,0.19,-0.14,-0.13,4.09,2.9,6.71,0,-0.41,0.19,0.78
40.882,3,-0.414,-0.01,0.22,0.88,242.35,-9.17,24.3,0.06,0.01,0.16,4.09,4.27,-0.92,48.22,0.19,0.5,1.04
40.886,2,0.842,-0.28,0.16,-0.43,319.35,1.34,-37.83,0.1,-0.03,-0.14,4.09,-11.6,-7.17,15.11,0.03,-0.47,0.74
40.888,5,-0.592,0.16,-0.42,-0.67,124.64,44.56,31.68,0.1,-0,-0.12,4.01,-60.12,-11.6,10.53,-0.78,0.25,0.71
40.975,1,-0.155,0.11,0.11,0.98,210.79,-14.65,10.65,-0.11,-0.1,-0.05,4.09,-44.56,1.98,-29.75,0.34,0.04,0.9
40.977,4,0.909,-0.33,0.24,0.08,12.71,29.46,-40.27,0.01,0.06,-0.09,3.93,5.8,-35.4,1.53,-0.48,-0.56,0.57
40.98,7,0.736,0.1,0.31,0.6,97.91,19.97,32.76,-0.15,0.16,0.01,4.09,38.3,-60.73,-64.85,-0.61,0.64,0.73
40.982,6,-0.936,0.03,-0.06,-0.34,54.46,7.9,-0.63,1.12,0.4,0,3.96,52.95,-103,-110.78,0.54,-1.2,1.11
40.986,0,-0.687,-0.13,-0.11,0.71,282.7,19.82,1.53,0.17,-0.1,-0.02,4.09,5.34,-10.07,-7.02,-0.42,0.19,0.91
40.988,3,-0.438,-0.01,0.22,0.87,245.36,-9.51,23.14,0.42,-0.19,-0.09,4.09,-4.73,17.09,4.58,-0.27,0.56,0.79
40.991,2,0.842,-0.3,0.16,-0.42,320.34,0.65,-38.95,0.1,0.06,0.1,4.09,-4.73,-7.02,-13.28,0.09,-0.69,0.84
40.993,5,-0.579,0.16,-0.39,-0.7,126.06,42.68,28.45,-0.01,-0.1,0.05,4.01,-21.67,-5.34,21.36,-0.58,0.37,0.72
41.074,1,-0.131,0.12,0.09,0.98,208.13,-14.99,8.43,-0.06,-0.08,0.28,4.09,-18.77,-7.78,-43.79,0.25,0.12,1.14
41.076,4,0.914,-0.32,0.22,0.1,15.96,28.24,-38.66,-0.12,0.04,0.24,3.93,-12.66,-9.77,13.73,-0.63,-0.77,0.78
41.08,7,0.757,0.12,0.31,0.56,93.4,19.49,33.74,0.22,-0.02,-0.38,4.09,-10.99,-33.11,-0.76,-0.25,0.3,0.6
41.081,6,-0.936,-0,-0,-0.35,55.4,0.35,0.5,-0.21,-0.2,-0.07,3.96,20.75,-68.82,-3.66,-0.02,0.25,0.96
41.085,0,-0.693,-0.12,-0.1,0.7,283.5,18.22,2.04,0.13,0.03,0.31,4.09,-10.38,-28.38,16.94,-0.48,0.17,1.46
41.087,3,-0.425,-0.03,0.22,0.88,243.97,-8.03,24.34,0.17,-0.23,-0.12,4.09,-2.44,1.37,-9.31,-0.16,0.36,0.86
41.091,2,0.836,-0.3,0.15,-0.43,319.32,-0.64,-39.22,-0.06,0.15,0.16,4.09,11.29,14.19,-36.62,0.11,-0.86,0.81
41.092,5,-0.567,0.17,-0.38,-0.71,127.73,42.59,27.63,-0.02,0.01,-0.03,4.01,-14.34,1.22,8.54,-0.75,0.37,0.7
41.173,1,-0.138,0.12,0.1,0.98,208.81,-15.04,9.77,0.03,-0.49,-0.26,4.09,44.25,-1.68,84.53,-0.07,-0.38,0.85
41.175,4,0.912,-0.33,0.22,0.11,18.4,28.19,-38.37,-0.05,0.08,0.01,3.93,-1.37,-8.09,20.14,-0.55,-0.51,0.62
41.178,7,0.737,0.11,0.29,0.6,97.58,17.22,31.83,0.01,-0.51,-0.25,4.09,-62.26,-126.04,192.11,0.35,1.05,1.17
41.18,6,-0.942,-0.04,0.04,-0.33,52.4,-6.01,3.35,0.05,0.12,0.03,3.96,30.82,-67.9,-20.29,0.06,-0.08,1.04
41.184,0,-0.71,-0.12,-0.1,0.69,286.3,17.56,2.02,0.09,-0.3,-0.07,4.09,-6.41,-1.37,23.8,-0.57,0.13,0.8
41.185,3,-0.434,-0.03,0.22,0.87,245.13,-8.28,24.01,0.29,-0.06,-0.03,4.09,3.51,-7.48,16.48,0,0.43,0.99
41.189,2,0.843,-0.29,0.15,-0.43,320.22,0.02,-38.2,0.14,-0.1,-0.07,4.09,6.1,-5.04,71.41,-0.01,-0.4,0.81
41.19,5,-0.559,0.18,-0.38,-0.72,129.09,42.31,27.59,0.13,-0.01,-0.03,4.01,5.04,9.92,11.14,-0.72,0.32,0.77
41.272,1,-0.239,0.11,0.13,0.96,220.58,-16.01,11.36,-0.01,-0.37,-0.04,4.09,37.38,17.4,159.15,0.11,-0.12,1
41.273,4,0.909,-0.33,0.22,0.13,20.24,29.03,-38.19,-0.02,0.03,0.03,3.93,-16.17,1.98,21.21,-0.58,-0.53,0.67
41.277,7,0.687,0.14,0.21,0.68,105,6,29.02,-0.18,-0.27,-0.04,4.09,-31.59,-57.83,89.87,0.11,0.63,0.82
41.278,6,-0.939,-0.09,0.08,-0.32,51.38,-12.12,6.71,-0.11,0.09,-0.03,3.96,36.47,-59.36,-28.84,0.1,0.1,0.95
41.282,0,-0.732,-0.13,-0.11,0.66,290.4,18.83,2.67,0.17,-0.17,-0.07,4.09,-15.56,16.78,28.08,-0.45,0.22,0.81
41.284,3,-0.451,-0.03,0.21,0.87,247.36,-8.14,23.74,0.16,-0.06,-0.1,4.09,2.29,21.06,20.14,-0.02,0.46,0.8
41.288,2,0.857,-0.29,0.14,-0.4,323.31,0.77,-37.38,0.11,-0.05,-0.04,4.09,13.28,-4.88,-12.97,0.02,-0.52,0.82
41.289,5,-0.551,0.18,-0.39,-0.71,130.88,43.51,29.95,-0.05,-0.06,0.11,4.01,18.77,18.01,3.2,-0.63,0.33,0.6
41.373,1,-0.327,0.12,0.13,0.93,231.24,-17.72,10.05,0.03,-0.02,-0.11,4.09,25.33,-29.45,99.49,0.23,0.13,0.83
41.374,4,0.897,-0.35,0.23,0.15,21.23,30.64,-40.65,-0.11,0,0.02,3.93,-30.06,13.73,11.6,-0.62,-0.51,0.6
41.377,7,0.649,0.16,0.14,0.73,110.19,-2.99,24.36,-0.13,-0.01,0.01,4.09,-54.32,-63.63,35.86,0.06,0.53,0.87
41.379,6,-0.942,-0.14,0.12,-0.28,45.67,-17.71,11.65,0.07,0.19,-0.03,3.96,44.4,-59.51,-56.76,0.29,-0.04,0.97
41.382,0,-0.744,-0.14,-0.13,0.64,293.05,21.59,3.01,0.08,-0.15,-0.12,4.09,-12.05,17.85,12.66,-0.45,0.14,0.76
41.384,3,-0.481,-0.05,0.21,0.85,251.65,-6.81,24.41,0.17,-0.09,-0.01,4.09,9.16,20.6,33.57,-0.04,0.49,0.88
41.388,2,0.867,-0.28,0.14,-0.39,325.28,1.92,-36.67,0.1,-0.1,-0.1,4.09,3.05,1.37,34.94,-0.05,-0.41,0.8
41.389,5,-0.543,0.18,-0.41,-0.71,133.28,44.86,33.5,-0.07,-0.04,0.12,4.01,15.56,22.74,1.37,-0.68,0.38,0.56
41.471,1,-0.37,0.13,0.14,0.91,236.54,-20.45,10,0.03,-0.06,-0.09,4.09,18.92,-5.8,36.01,0.27,0.13,0.86
41.473,4,0.885,-0.37,0.23,0.16,21.46,31.94,-43.47,-0.09,0.02,0.3,3.93,-34.33,5.8,3.36,-0.68,-0.74,0.74
41.476,7,0.638,0.17,0.07,0.75,111.49,-10.05,18.84,0.12,0.08,-0.09,4.09,-53.71,-71.26,75.99,0.04,0.18,0.91
41.478,6,-0.939,-0.2,0.16,-0.24,38.47,-22.77,18.67,-0.39,0.51,-0.05,3.96,41.05,-48.68,-46.39,-0.16,0.05,1.15
41.481,0,-0.751,-0.14,-0.14,0.63,294.71,22.8,2.78,-0.01,-0.09,-0.09,4.09,-18.62,1.68,14.34,-0.43,0.05,0.81
41.483,3,-0.515,-0.05,0.21,0.83,256.18,-7.05,23.73,0.11,0.07,0.19,4.09,-19.23,7.02,54.17,0.15,0.59,1.04
41.487,2,0.874,-0.28,0.15,-0.37,327.14,2.92,-36.6,-0.04,-0,0.05,4.09,-3.2,-2.75,21.67,-0.07,-0.66,0.81
41.489,5,-0.532,0.18,-0.43,-0.71,135.51,45.55,35.59,0.03,0.15,-0.18,4.01,-19.68,-8.85,15.87,-0.89,0.42,0.57
41.574,1,-0.39,0.14,0.16,0.9,238.97,-21.85,11.14,-0.2,-0.28,-0.17,4.09,34.94,-20.9,24.11,0.3,-0.15,0.89
41.576,4,0.877,-0.39,0.23,0.17,22.34,31.89,-45.39,-0.2,-0.03,0.03,3.93,-1.07,-25.18,1.22,-0.74,-0.63,0.65
41.58,7,0.585,0.18,-0.01,0.79,119.27,-16.92,11.85,-0.23,0.16,0.06,4.09,-40.44,-9.16,91.09,0.23,0.44,0.89
41.581,6,-0.941,-0.21,0.13,-0.23,37.28,-20.36,21.16,-0.86,0.61,-0.13,3.96,2.14,116.88,-5.8,-0.55,0.17,1.12
41.586,0,-0.767,-0.14,-0.14,0.61,297.46,22.78,2.47,-0.02,-0.07,0.01,4.09,-22.89,-13.28,28.99,-0.45,0.01,0.96
41.587,3,-0.574,-0.05,0.18,0.8,264.24,-7.66,20.15,0.35,0.07,0.14,4.09,-34.94,9,24.41,0.07,0.72,0.92
41.591,2,0.884,-0.28,0.15,-0.34,330.24,4.29,-36.92,0.1,-0.1,-0.01,4.09,-4.43,-13.43,10.99,-0.07,-0.52,0.88
41.593,5,-0.524,0.18,-0.41,-0.73,136.16,43.51,33.44,-0.03,-0.18,0.1,4.01,-28.23,-11.6,27.31,-0.65,0.46,0.83
41.676,1,-0.422,0.15,0.18,0.88,242.91,-24.31,12.14,-0.01,-0.29,0.15,4.09,12.36,-20.75,52.34,0.3,0.13,1.28
41.678,4,0.883,-0.38,0.21,0.19,25.39,30.45,-43.34,-0.05,-0.09,-0.01,3.93,-1.37,-22.43,6.56,-0.53,-0.49,0.68
41.684,7,0.533,0.16,-0.03,0.83,127.47,-18.02,7.05,-0.25,0.3,0.27,4.09,-8.39,30.98,76.75,0.25,0.5,1.27
41.685,6,-0.947,-0.16,0.05,-0.27,44.69,-10.39,16.72,0.33,0.13,0.28,3.96,-82.86,116.58,177.46,0.46,0.15,1.28
41.689,0,-0.79,-0.12,-0.13,0.59,301.19,20.12,1.89,0.15,-0.05,0.51,4.09,-21.06,-16.63,24.87,-0.4,0.31,1.33
41.691,3,-0.574,-0.06,0.17,0.8,264.4,-6.14,20.09,0.09,-0.16,-0.12,4.09,1.37,-9.92,-27.01,-0.06,0.33,0.85
41.694,2,0.886,-0.29,0.14,-0.34,331.6,2.88,-37.08,0,0.23,0.27,4.09,2.9,-20.14,21.06,0.09,-0.9,0.92
41.696,5,-0.505,0.19,-0.39,-0.75,138.75,42.44,32.28,0.02,-0.04,0.07,4.01,-21.36,3.66,24.11,-0.71,0.4,0.69
41.776,1,-0.433,0.16,0.17,0.87,244.7,-24.64,9.76,0.47,-0.52,0.01,4.09,-22.43,41.5,-22.28,-0.22,0.3,1.18
41.777,4,0.88,-0.38,0.19,0.2,27.46,29.69,-43.54,-0.09,0.02,0.1,3.93,-19.99,-15.26,3.81,-0.54,-0.56,0.62
41.78,7,0.527,0.1,0.01,0.84,129.51,-9.66,7.18,0.04,0.01,0.23,4.09,12.97,183.26,24.41,0.43,0.23,1.18
41.782,6,-0.915,-0.06,-0.01,-0.4,61.04,-1.72,6.76,0.04,-0.31,0.08,3.96,-75.23,136.72,91.25,0.25,0.34,0.97
41.786,0,-0.805,-0.1,-0.13,0.57,303.67,19.2,1.15,0.02,-0.23,-0.03,4.09,-27.16,8.7,34.64,-0.52,0.13,0.85
41.788,3,-0.564,-0.06,0.17,0.81,263.06,-5.82,20.33,0.19,-0.1,-0.12,4.09,9,22.13,-12.66,-0.09,0.41,0.79
41.791,2,0.903,-0.29,0.13,-0.29,336.86,4.29,-36.53,0.12,-0.02,-0.14,4.09,7.32,-23.65,65.77,-0.01,-0.42,0.75
41.793,5,-0.491,0.19,-0.39,-0.76,140.84,42.3,32.34,0.13,-0.03,-0.04,4.01,-4.73,18.16,9,-0.76,0.3,0.7
41.874,1,-0.416,0.14,0.14,0.89,242.63,-21.22,8.74,0.23,-0.04,-0.12,4.09,-13.12,4.27,-69.12,0.14,0.29,0.86
41.876,4,0.874,-0.4,0.18,0.21,28.88,29.36,-45.06,-0.02,-0.03,-0.01,3.93,-22.89,-11.29,6.41,-0.53,-0.49,0.57
41.879,7,0.507,0.05,0.1,0.85,132.72,0.67,13.25,-0.2,-0,0.02,4.09,93.38,66.38,-48.68,0.13,0.31,1.05
41.88,6,-0.894,0.02,-0.07,-0.44,66.75,8.54,1.41,0.13,-0.38,-0.39,3.96,-57.37,54.47,-0.92,0.25,0.03,0.66
41.884,0,-0.816,-0.11,-0.15,0.55,306.44,21.43,0.44,0.14,-0.21,-0.12,4.09,-21.36,21.36,17.55,-0.47,0.21,0.77
41.886,3,-0.569,-0.08,0.17,0.8,264.1,-4.08,21.5,0.01,-0.16,-0.16,4.09,7.17,10.38,35.4,-0.07,0.3,0.82
41.889,2,0.921,-0.28,0.14,-0.24,342.65,6.92,-35.33,0.18,-0.19,-0.19,4.09,5.8,-11.14,38.3,-0.05,-0.25,0.81
41.891,5,-0.476,0.21,-0.4,-0.76,143.58,43.81,33.63,0.03,-0.09,-0.02,4.01,-5.04,33.72,1.68,-0.66,0.24,0.55
41.981,1,-0.379,0.14,0.14,0.9,237.78,-20.88,9.73,0.03,-0.15,-0.14,4.09,-10.38,-15.26,-58.44,0.17,0.01,0.85
41.983,4,0.864,-0.42,0.17,0.23,30.75,28.72,-47.09,-0.16,-0.06,-0.1,3.93,-29.91,-19.84,4.73,-0.52,-0.44,0.57
41.987,7,0.549,0.02,0.21,0.81,127.83,11.38,22.33,0.13,-0.31,-0.15,4.09,80.57,70.65,-62.1,0.03,0.17,0.96
41.989,6,-0.867,0.07,-0.09,-0.49,72.45,12.37,-2.1,-0,0.21,-0.4,3.96,-8.85,3.2,93.38,-0.32,-0.15,0.56
41.992,2,0.927,-0.27,0.14,-0.22,345.25,7.99,-34.9,0.08,-0.13,-0.06,4.09,-8.09,-4.43,36.47,-0.12,-0.38,0.83
41.994,3,-0.604,-0.08,0.18,0.77,269.15,-4.96,22.42,0.12,-0.1,-0.03,4.09,21.67,9,39.37,-0.02,0.46,0.87
41.997,0,-0.821,-0.11,-0.17,0.54,307.78,22.86,0.19,0.07,-0.17,-0.07,4.09,-10.53,11.14,3.05,-0.47,0.15,0.81
41.999,5,-0.451,0.23,-0.4,-0.76,148.27,45.74,35.81,0.05,-0.01,-0.1,4.01,-31.28,28.08,15.87,-0.79,0.38,0.62
42.08,1,-0.35,0.14,0.14,0.92,234.15,-20.93,9.69,0.03,-0.18,-0.03,4.09,-18.31,-4.73,-33.87,0.22,0.04,0.96
42.082,4,0.856,-0.43,0.15,0.24,32.56,27.34,-49.16,0.01,0.01,0,3.93,-24.72,-32.65,4.43,-0.45,-0.56,0.49
42.086,7,0.564,0.01,0.3,0.77,126.71,18.81,29.85,-0.02,-0.35,-0.3,4.09,72.02,32.5,-23.19,0.08,0.32,0.73
42.088,6,-0.86,0.08,-0.06,-0.5,74.05,10.26,-4.48,-0.37,0.39,0.33,3.96,-19.99,-0.76,-9.77,-0.81,-0.01,1.24
42.092,0,-0.819,-0.12,-0.18,0.53,308.06,24.42,0.35,0.06,-0.12,-0.03,4.09,-5.95,6.26,-8.85,-0.49,0.1,0.85
42.093,3,-0.627,-0.08,0.2,0.75,272.45,-7.23,23.66,0.04,0.06,0.23,4.09,-7.63,-27.62,38.91,0.22,0.54,1.1
42.097,2,0.93,-0.27,0.14,-0.2,347.12,9.15,-34.89,0.15,-0.01,-0.06,4.09,-3.97,0.61,5.65,-0.03,-0.52,0.84
42.098,5,-0.426,0.26,-0.38,-0.78,151.17,46.53,32.74,0.09,0.02,0.07,4.01,-72.63,-10.07,7.48,-0.82,0.3,0.67
42.179,1,-0.329,0.14,0.13,0.92,231.69,-20.43,8.72,0.02,-0.14,-0.02,4.09,-29.45,3.66,-30.98,0.26,0.04,0.95
42.18,4,0.862,-0.42,0.11,0.26,36.85,23.74,-47.52,-0.04,-0.02,0.01,3.93,25.18,-64.85,-1.37,-0.49,-0.7,0.64
42.184,7,0.605,0.02,0.33,0.73,120.67,21.45,32.39,0.06,-0.02,-0.02,4.09,40.74,-52.49,-93.38,-0.43,0.47,0.84
42.186,6,-0.848,0.07,-0.05,-0.52,77.11,8.59,-3.9,-0.02,-0.36,-0.14,3.96,47.45,-151.21,-2.59,0.17,-0.28,1.19
42.19,0,-0.817,-0.12,-0.18,0.54,307.66,24.88,0.36,0.04,-0.04,-0.01,4.09,-3.36,-5.04,-3.36,-0.43,0.07,0.89
42.191,3,-0.649,-0.06,0.2,0.73,275.26,-10.2,22,0.34,-0.1,0,4.09,-10.68,-3.36,28.84,0,0.65,0.78
42.195,2,0.93,-0.28,0.15,-0.18,348.57,9.73,-36.2,0.07,-0.1,-0.04,4.09,-16.94,-0.46,17.7,-0.14,-0.45,0.83
42.197,5,-0.403,0.27,-0.33,-0.81,152.09,44.6,26.24,0.04,-0.17,-0.03,4.01,-42.27,-7.17,11.75,-0.63,0.19,0.73
42.298,1,-0.308,0.15,0.12,0.93,229.22,-20.14,7.72,0.03,-0.01,0.26,4.09,-5.65,1.53,-34.64,0.33,0.15,1.21
42.299,4,0.872,-0.39,0.07,0.28,41.78,20.38,-43.38,-0.07,-0.05,-0.09,3.93,21.06,-40.89,23.8,-0.43,-0.51,0.71
42.303,7,0.654,0.03,0.33,0.68,113,23.12,32.53,0.41,-0.13,-0.35,4.09,0,-30.52,-43.03,-0.14,-0.07,0.72
42.305,6,-0.842,0.01,0.01,-0.54,79.4,-0.62,-2.01,-0.16,-0.17,-0.12,3.96,18.62,-85.91,23.19,0.09,0.19,0.91
42.308,0,-0.818,-0.12,-0.17,0.54,307.53,23.53,0.49,0.08,0.04,0.14,4.09,-2.29,-20.75,-0.92,-0.39,0.06,1.08
42.31,3,-0.648,-0.06,0.21,0.73,275.14,-10.63,23.6,0.15,-0.23,-0.11,4.09,26.55,4.27,-38.3,-0.05,0.46,0.81
42.313,2,0.928,-0.29,0.14,-0.18,348.88,8.99,-36.99,0.09,0.05,0.13,4.09,2.75,-13.89,-21.06,-0.07,-0.69,0.9
42.314,5,-0.388,0.28,-0.31,-0.82,153.51,44.34,24.28,0.12,-0.01,-0.01,4.01,-14.65,9.31,6.56,-0.77,0.2,0.64
42.396,1,-0.302,0.13,0.11,0.94,228.42,-18.75,8.07,-0.14,-0.3,-0.18,4.09,10.53,5.19,27.77,0.21,-0.21,0.81
42.398,4,0.872,-0.38,0.06,0.3,44.29,19.05,-42.34,-0.07,0.01,0.01,3.93,-0.61,-17.09,17.4,-0.44,-0.49,0.64
42.402,7,0.652,0.05,0.31,0.69,112.92,19.19,31.4,0.45,-0.79,-0.84,4.09,-39.37,30.67,113.07,0.86,-0.12,0.39
42.404,6,-0.847,-0.04,0.06,-0.53,77.77,-8.33,0.33,-0.04,0.09,-0.05,3.96,25.48,-68.66,-38.6,0.03,-0.01,0.95
42.408,0,-0.825,-0.11,-0.15,0.53,308.48,21.85,0.94,0,-0.11,0.03,4.09,-1.98,-9.92,-0.61,-0.48,0.07,0.9
42.41,3,-0.653,-0.07,0.22,0.72,276.03,-10.32,24.65,0.22,-0.19,-0.08,4.09,10.38,7.48,15.87,-0.07,0.57,0.78
42.413,2,0.929,-0.29,0.12,-0.19,348.43,6.93,-36.13,0.09,0.08,0.08,4.09,7.32,-12.05,0.31,-0,-0.64,0.87
42.415,5,-0.377,0.29,-0.31,-0.82,155.31,45.13,24.77,0.05,-0.07,-0,4.01,3.66,25.18,8.7,-0.73,0.19,0.67
42.495,1,-0.351,0.13,0.13,0.92,234.45,-19.43,8.48,-0.05,-0.43,0.06,4.09,54.93,28.38,111.08,0.13,-0.2,1.11
42.497,4,0.867,-0.39,0.05,0.31,45.85,19.12,-42.57,-0.07,-0.08,0.06,3.93,-17.4,-5.49,16.33,-0.38,-0.56,0.74
42.5,7,0.613,0.1,0.25,0.74,117.51,9.39,30.44,0.3,-0.18,0.04,4.09,-31.89,-49.44,41.35,0.02,0.17,0.99
42.502,6,-0.853,-0.1,0.1,-0.5,74.64,-15.17,3.93,0.01,0.07,0.02,3.96,29.75,-68.05,-28.53,0.17,0.07,1
42.506,0,-0.826,-0.11,-0.16,0.53,308.94,22.41,1.24,-0.11,-0.14,0.02,4.09,-3.51,11.9,6.71,-0.54,-0.03,0.87
42.507,3,-0.66,-0.09,0.22,0.71,277.6,-8.97,25.91,0.09,-0.11,-0.08,4.09,0.61,9.61,14.95,0.05,0.51,0.81
42.511,2,0.934,-0.29,0.12,-0.17,351.34,7.68,-36.1,-0.02,-0.2,-0.09,4.09,0.61,-7.63,30.21,-0.2,-0.37,0.83
42.513,5,-0.359,0.3,-0.33,-0.82,159.09,46.71,27.88,0,-0,-0.04,4.01,7.93,18.62,6.87,-0.92,0.29,0.63
42.594,1,-0.43,0.13,0.13,0.88,244.62,-19.69,7.11,0.08,-0.23,-0.07,4.09,8.7,6.71,93.38,0.13,0.06,0.92
42.596,4,0.859,-0.4,0.05,0.32,46.83,19.63,-43.8,-0.02,-0,0.02,3.94,-8.54,-5.65,14.5,-0.36,-0.64,0.69
42.599,7,0.579,0.13,0.19,0.78,121.36,0.96,26.37,-0.11,-0.09,0.03,4.09,-45.62,-58.44,70.95,0.1,0.53,0.89
42.6,6,-0.87,-0.16,0.13,-0.45,66.99,-21.11,9.94,0.09,0.15,0.02,3.96,43.18,-65.77,-72.78,0.32,-0.01,0.98
42.605,0,-0.83,-0.12,-0.17,0.52,310.28,23.55,1.41,-0.03,-0.1,-0.1,4.09,-4.43,7.63,11.75,-0.45,0.04,0.77
42.606,3,-0.678,-0.1,0.22,0.7,280.48,-9.42,25.97,0.15,-0.08,0.03,4.09,14.95,2.29,5.19,0.09,0.57,0.87
42.61,2,0.938,-0.29,0.12,-0.15,352.94,7.85,-35.54,0.02,-0.03,-0.03,4.09,2.29,-3.51,0.61,-0.11,-0.53,0.8
42.612,5,-0.348,0.3,-0.34,-0.82,161.56,47.15,30.25,0.08,0.07,0.11,4.01,5.65,8.7,9.31,-0.78,0.37,0.66
42.693,1,-0.477,0.14,0.14,0.86,251.1,-21.94,6.04,0.13,-0.25,-0.12,4.09,17.7,-23.8,41.5,0.1,0.08,0.92
42.695,4,0.854,-0.4,0.05,0.33,47.59,19.87,-44.52,-0.02,0.01,0.06,3.94,-10.22,1.22,8.39,-0.37,-0.61,0.68
42.699,7,0.56,0.15,0.12,0.81,123.47,-5.7,21.3,0.02,-0.15,-0.07,4.09,-58.29,-57.37,80.57,0.25,0.26,0.87
42.7,6,-0.875,-0.21,0.15,-0.41,60.94,-25.75,15.31,-0.25,0.48,0.01,3.96,25.33,-41.66,-47.76,-0.01,0.14,1.13
42.704,0,-0.834,-0.12,-0.17,0.51,311.5,24.24,1.85,-0.09,-0.11,-0.08,4.09,-5.8,6.1,3.51,-0.5,0,0.79
42.706,3,-0.686,-0.1,0.23,0.68,281.93,-9.79,27.16,0.03,0,0.1,4.09,-3.05,6.1,43.03,0.19,0.54,0.94
42.71,2,0.938,-0.29,0.12,-0.15,353.96,7.67,-35.89,0.09,-0.17,-0.09,4.09,-9,-9.31,-8.39,-0.12,-0.44,0.82
42.711,5,-0.339,0.3,-0.34,-0.82,163.11,46.98,31.08,0.13,0,0.06,4.01,-13.58,-11.14,11.75,-0.73,0.32,0.58
42.791,1,-0.493,0.15,0.15,0.84,253.38,-23.42,6.21,0.02,-0.19,-0.1,4.09,20.9,-12.21,21.21,0.21,0,0.91
42.793,4,0.852,-0.4,0.05,0.33,47.94,20.45,-44.46,-0.09,0.06,-0.03,3.94,10.99,-6.1,6.87,-0.53,-0.63,0.63
42.797,7,0.503,0.17,0.03,0.85,130.93,-14.55,13.58,-0.09,0.11,0.1,4.09,-67.29,-50.81,75.99,0.23,0.4,1.03
42.798,6,-0.881,-0.23,0.15,-0.38,56.66,-25.99,19.59,-0.31,0.99,0.04,3.96,10.53,60.88,0.31,-0.42,-0.05,1.38
42.802,0,-0.834,-0.12,-0.18,0.51,311.71,24.85,1.56,-0.14,-0.01,-0.08,4.09,-3.2,-5.34,2.9,-0.44,-0.11,0.83
42.804,3,-0.715,-0.09,0.22,0.66,286.41,-10.95,25.58,0.15,-0.08,0.17,4.09,-11.14,17.7,16.63,0.15,0.63,0.96
42.808,2,0.936,-0.3,0.12,-0.13,355.22,7.77,-37.17,-0.04,0.04,-0.05,4.09,-20.29,-8.85,17.24,-0.16,-0.62,0.69
42.809,5,-0.333,0.3,-0.32,-0.84,162.72,44.94,28.58,0.16,-0.08,0.05,4.01,-20.9,-21.82,8.7,-0.81,0.21,0.68
42.889,1,-0.514,0.15,0.16,0.83,256.06,-24.28,7.07,-0.18,-0.3,0.13,4.09,26.25,-8.85,24.87,0.32,-0.17,1.14
42.891,4,0.856,-0.39,0.05,0.34,49.47,20.2,-42.21,-0.1,-0.04,-0.05,3.94,28.53,-17.09,19.38,-0.39,-0.55,0.73
42.894,7,0.475,0.18,-0.03,0.86,134.96,-19.35,7.49,0.03,0.15,0.11,4.09,-39.83,-26.86,59.36,0.24,0.16,1.09
42.896,6,-0.894,-0.2,0.06,-0.4,59.48,-15.4,18.2,0.55,0.25,0.23,3.96,-49.59,131.84,23.35,0.52,-0.13,1.31
42.9,0,-0.837,-0.12,-0.17,0.5,312.21,24.31,1.44,-0.02,0.11,0.18,4.09,-6.56,-3.97,5.19,-0.4,-0.04,1.12
42.901,3,-0.714,-0.11,0.21,0.66,286.61,-8.65,25.61,-0.07,-0.16,-0.15,4.09,5.04,12.66,-21.82,-0.05,0.3,0.8
42.998,1,-0.534,0.15,0.17,0.82,258.81,-24.78,7.75,-0.1,-0.09,0.18,4.09,20.45,13.43,24.87,0.45,0.03,1.08
43,5,-0.32,0.29,-0.3,-0.85,163.65,43.14,26.93,-0.03,-0.14,-0.06,4.01,-17.24,-5.95,7.48,-0.62,0.22,0.72
43.004,7,0.438,0.17,-0.07,0.88,140.83,-21.21,1.65,-0.19,0.37,0.08,4.09,-28.84,3.05,30.82,0.17,0.4,1.03
43.005,4,0.858,-0.37,0.05,0.36,51.87,20.11,-39.44,-0.05,0,0.18,3.94,3.2,-7.63,18.62,-0.4,-0.58,0.79
43.009,0,-0.838,-0.11,-0.18,0.5,312.22,24.14,0.88,-0.14,0.18,0.06,4.09,-11.75,-2.14,6.56,-0.36,-0.21,1
43.011,6,-0.873,-0.1,0.02,-0.48,70.74,-7.1,9.32,-0.04,-0.07,0.19,3.96,-64.85,127.11,111.85,0.2,0.3,1.07
43.014,2,0.938,-0.32,0.1,-0.09,0.52,6.97,-38.67,-0.01,0.2,0.11,4.09,17.4,-29.45,26.86,-0.11,-0.84,0.73
43.016,3,-0.721,-0.11,0.2,0.66,287.79,-7.69,24.97,0.06,-0.1,-0.04,4.09,-8.09,15.26,-2.14,0.05,0.47,0.79
43.107,1,-0.543,0.15,0.17,0.81,260.23,-24.68,6.91,0.34,-0.46,0.04,4.09,-59.51,0.15,-41.5,-0.1,0.29,1.17
43.108,5,-0.308,0.29,-0.29,-0.86,164.96,42.3,26.35,0.04,-0.07,-0.08,4.01,-2.44,-1.68,15.72,-0.77,0.31,0.73
43.112,7,0.438,0.14,-0.06,0.89,141.12,-17.63,1.63,0.13,0.68,-0.11,4.09,29.45,111.08,-25.63,-0.23,0.25,1
43.113,4,0.853,-0.37,0.05,0.37,53.62,20.38,-39.01,-0.13,-0,0,3.94,-8.54,-1.98,18.92,-0.38,-0.72,0.9
43.117,0,-0.843,-0.11,-0.18,0.49,313.43,24.43,1.1,0.15,-0.28,-0.03,4.09,1.07,1.68,-8.24,-0.55,0.27,0.81
43.118,6,-0.832,-0.01,-0.05,-0.55,81.3,4.26,3.85,-0.28,-0.33,-0.17,3.96,-29.45,100.1,52.19,0.15,0.43,0.8
43.123,2,0.944,-0.32,0.08,-0.06,4.4,6.17,-37.45,0.14,-0.24,-0.06,4.09,12.21,-12.97,26.86,-0.01,-0.33,0.89
43.125,3,-0.724,-0.13,0.19,0.65,288.73,-6.11,25.31,-0,-0.17,-0.13,4.09,7.48,16.94,0,-0.07,0.4,0.8
43.21,1,-0.497,0.14,0.13,0.85,254.02,-21.59,4.43,0.17,-0.18,0.02,4.09,-42.42,30.82,-94.91,0.16,0.11,1.01
43.211,5,-0.297,0.29,-0.3,-0.86,166.68,41.94,27.39,0.07,-0.03,-0.02,4.01,12.51,14.5,18.16,-0.88,0.4,0.79
43.215,7,0.474,0.07,0.04,0.88,136.86,-4.79,8.04,-0.08,-0.16,0.32,4.09,104.37,73.7,-120.24,0.29,0.16,1.3
43.216,4,0.843,-0.37,0.05,0.39,55.63,22.11,-38.65,-0.1,0.01,0,3.94,-11.44,5.34,24.11,-0.47,-0.53,0.74
43.221,0,-0.837,-0.12,-0.19,0.5,312.54,25.46,0.99,-0.08,-0.14,-0,4.09,1.22,20.9,-5.34,-0.58,0,0.81
43.222,6,-0.826,0.04,-0.08,-0.56,82.07,10.54,1.24,-0.04,-0.02,-0.26,3.96,-21.06,37.84,9.16,-0.14,0.04,0.72
43.226,2,0.95,-0.3,0.07,-0.03,7.66,6.87,-35.73,0.11,-0.05,0.03,4.09,2.75,-8.39,41.81,-0.01,-0.53,0.88
43.228,3,-0.733,-0.14,0.18,0.64,290.74,-4.46,26.17,-0.05,-0.05,-0.06,4.09,13.58,14.34,25.33,0.02,0.38,0.86
43.309,1,-0.446,0.13,0.11,0.88,247.14,-19.19,4.19,0.22,-0.23,-0.09,4.09,-17.7,13.58,-56,0.01,0.12,0.95
43.31,5,-0.279,0.29,-0.31,-0.86,170.23,42.25,30.56,-0.09,-0.06,-0.19,4.01,4.12,16.48,19.38,-0.74,0.39,0.7
43.314,7,0.539,0.06,0.17,0.82,128.41,5.07,20.51,0.24,-0.4,0.22,4.09,145.26,84.84,-122.38,0.16,0.03,1.31
43.315,4,0.831,-0.38,0.06,0.4,57.1,23.73,-39.6,-0.05,0,0.13,3.94,-21.67,1.37,15.72,-0.52,-0.62,0.78
43.319,0,-0.836,-0.13,-0.2,0.49,313.44,27.8,1.62,-0.07,-0.1,-0.07,4.09,2.59,11.9,14.04,-0.53,0.04,0.75
43.321,6,-0.795,0.07,-0.1,-0.6,87.82,13.58,0.46,0.19,0.15,-0.07,3.96,-28.69,10.22,67.14,-0.33,-0.19,0.88
43.325,2,0.951,-0.3,0.07,0,11.7,7.86,-35.25,0.07,-0.15,-0.01,4.09,-8.54,-11.44,19.07,-0.06,-0.45,0.89
43.327,3,-0.749,-0.16,0.18,0.62,293.99,-4.4,27.55,0.02,0.08,0.16,4.09,21.06,14.8,29.45,0.19,0.56,1.02
43.394,1,-0.406,0.14,0.1,0.9,241.91,-19.54,4.49,0.03,-0.25,-0.02,4.09,-14.34,-4.58,-47.3,0.13,-0.08,1
43.395,5,-0.264,0.3,-0.31,-0.86,172.54,42.63,31.25,-0.03,-0.04,-0.1,4.01,-19.68,1.68,-3.05,-0.73,0.43,0.74
43.399,7,0.571,0.04,0.3,0.76,125.22,16.5,31.3,0.13,-0.56,-0.24,4.09,100.71,67.9,-46.23,0.22,0.14,0.87
43.4,4,0.82,-0.39,0.05,0.41,58.5,24.51,-40.91,-0.14,0.05,-0.02,3.94,-18.77,-8.7,10.07,-0.51,-0.52,0.65
43.404,0,-0.837,-0.15,-0.2,0.49,314.45,28.6,3.28,-0.01,-0.04,-0.04,4.09,12.21,2.29,0.31,-0.49,0.06,0.82
43.406,6,-0.765,0.08,-0.08,-0.63,93.14,13.58,-1.29,-0.2,0.08,-0.01,3.96,-45.62,-14.34,53.41,-0.25,0.2,0.88
43.41,2,0.949,-0.31,0.06,0.02,13.72,7.67,-36.03,0.08,-0.08,-0.02,4.09,-11.44,-10.99,-4.12,-0.05,-0.52,0.84
43.412,3,-0.764,-0.18,0.18,0.59,297.51,-3.49,29.37,-0.04,0.02,0.14,4.09,13.28,36.32,27.47,0.07,0.55,1.04
43.495,1,-0.382,0.14,0.1,0.91,238.98,-19.45,3.94,-0.06,-0.12,0.01,4.09,-23.35,5.8,-22.28,0.31,-0.08,0.96
43.497,5,-0.256,0.3,-0.28,-0.87,172.06,42.1,27.16,-0.05,0.08,0.08,4.01,-47.91,-9.77,-12.36,-0.64,0.44,0.67
43.5,7,0.591,0.03,0.35,0.73,122.75,21.42,36.21,-0.06,-0.24,-0.78,4.09,9.61,-59.81,-35.1,0.09,0.25,0.32
43.502,4,0.811,-0.39,0.04,0.43,60.83,24.25,-41.08,-0.16,0.06,-0.03,3.94,-3.51,-28.08,11.75,-0.51,-0.46,0.69
43.506,2,0.946,-0.32,0.05,0.02,14.38,6.67,-37.34,0.15,0.02,0.08,4.09,-13.12,-8.09,3.51,0.04,-0.67,0.85
43.507,6,-0.751,0.09,-0.04,-0.65,95.76,10.32,-4.24,-1.77,-0.12,-0.2,3.96,27.16,-70.5,34.64,-0.26,1.92,1.07
43.511,0,-0.834,-0.16,-0.2,0.49,314.01,28.71,4.32,-0.04,-0,0.01,4.09,4.88,-4.73,-3.81,-0.5,0.04,0.87
43.513,3,-0.776,-0.21,0.16,0.57,300.91,-0.85,30.61,0.12,-0.12,0.03,4.09,-2.44,40.44,36.01,-0.09,0.71,0.81
43.594,1,-0.375,0.15,0.08,0.91,238.41,-19.41,2.12,-0.05,-0.14,0.16,4.09,-21.97,-21.82,-22.74,0.3,-0.1,1.14
43.596,5,-0.254,0.3,-0.24,-0.89,170.07,40.96,21.06,0.13,-0.14,-0.02,4.01,-35.4,-25.33,-0.15,-0.76,0.11,0.76
43.599,7,0.606,0.08,0.33,0.72,119.26,16.12,36.54,0.39,0.28,0.13,4.09,2.9,-4.58,57.53,-0.67,0.31,0.87
43.6,4,0.802,-0.39,0.03,0.45,63.48,23.66,-41.23,-0.03,-0.04,0,3.93,-14.04,-13.58,17.55,-0.39,-0.51,0.68
43.604,0,-0.84,-0.14,-0.18,0.49,314.47,26.71,4.05,-0.01,0.06,0.1,4.09,-20.75,-34.33,18.16,-0.43,0.04,1.01
43.606,6,-0.819,0.03,-0,-0.57,84.08,1.82,-2.43,0.71,0.09,0.22,3.96,12.82,-72.17,12.66,0.05,-0.45,1.05
43.61,2,0.944,-0.33,0.04,0.03,15.55,5.95,-38.04,0.12,0.08,0.11,4.09,-1.53,-8.09,-24.26,0,-0.74,0.8
43.611,3,-0.772,-0.24,0.13,0.57,301.88,3.9,31.38,0.04,-0.17,-0.1,4.09,16.33,46.69,-39.06,-0.27,0.55,0.76
43.693,1,-0.39,0.16,0.09,0.9,240.39,-20.7,2.32,0.14,-0.26,-0.18,4.09,33.42,-23.19,88.96,0,-0.06,0.84
43.695,5,-0.245,0.29,-0.21,-0.9,170.12,38.5,18.35,0.03,-0.13,-0,4.01,-17.4,-16.48,22.58,-0.59,0.14,0.76
43.7,7,0.549,0.08,0.33,0.76,127.3,13.62,37.75,0.5,-1.92,-2.13,4.09,-97.5,5.8,98.72,1.42,-0.33,-0.09
43.702,4,0.787,-0.4,0.03,0.47,66.39,24.75,-41.37,-0.07,0,0,3.93,-8.24,-7.78,31.43,-0.44,-0.53,0.69
43.706,0,-0.855,-0.13,-0.17,0.47,317.42,24.97,4.17,0.01,-0.18,-0.05,4.09,-6.41,-8.39,34.33,-0.49,0.22,0.8
43.708,6,-0.81,-0.03,0.05,-0.58,85.63,-6.96,-0.66,-0.06,0.07,-0.05,3.96,32.2,-84.23,-30.98,0.04,0.01,1
43.73,2,0.946,-0.32,0.03,0.02,15.17,4.17,-37.49,0.13,-0.13,0.11,4.09,3.2,-17.55,29.3,0.05,-0.55,0.88
43.732,3,-0.76,-0.27,0.1,0.58,302.01,9.89,32.31,-0.07,-0.17,-0.05,4.09,-3.36,33.42,-7.93,-0.34,0.47,0.77
43.803,1,-0.478,0.16,0.1,0.86,251.95,-21.45,1.66,-0.05,-0.29,0.15,4.09,27.92,-9.16,127.41,0.2,-0.13,1.08
43.805,5,-0.223,0.28,-0.21,-0.91,172.56,36.54,18.18,-0.02,-0.08,-0.1,4.01,-10.38,-12.51,25.33,-0.63,0.18,0.71
43.808,7,0.505,0.13,0.27,0.81,131.35,3.61,34.46,0.27,-0.35,-0.3,4.09,-38.91,-33.11,98.88,0.06,0.18,0.92
43.81,4,0.768,-0.41,0.03,0.49,69.38,26.72,-41.45,-0.07,0,0.05,3.93,-20.9,4.88,27.92,-0.44,-0.51,0.7
43.813,0,-0.873,-0.14,-0.16,0.44,321.95,24.11,5.99,-0.04,-0.04,0.01,4.09,-9.16,4.12,56.61,-0.46,0.11,0.87
43.815,6,-0.82,-0.1,0.09,-0.56,81.82,-15.12,3.6,-0.1,0.16,0,3.96,36.62,-77.97,-41.66,0.08,0.08,1
43.819,2,0.949,-0.31,0.02,0.04,17.8,3.18,-36.45,0.15,-0.01,0.07,4.09,10.07,-16.33,-1.68,0.12,-0.65,0.85
43.82,3,-0.768,-0.29,0.07,0.56,305.37,13.25,32.91,0.08,-0.13,-0.07,4.09,-6.26,47.45,4.12,-0.31,0.57,0.68
43.901,1,-0.555,0.16,0.1,0.81,263.07,-22.35,-0.86,0.13,-0.11,-0.18,4.09,29.3,-36.16,107.42,0.19,0.1,0.83
43.903,5,-0.202,0.26,-0.2,-0.92,175.35,34.74,19.17,-0.08,0,0,4.01,-2.9,-7.48,23.96,-0.49,0.16,0.76
43.907,7,0.457,0.15,0.21,0.85,136.51,-3.58,30.27,-0.01,-0.16,-0.05,4.09,-51.88,-46.23,51.42,0.21,0.4,0.86
43.909,4,0.747,-0.42,0.04,0.51,70.92,29.27,-43.09,-0.07,0.02,0.01,3.93,-27.92,11.9,23.04,-0.52,-0.55,0.65
43.912,0,-0.892,-0.14,-0.17,0.4,327.71,24.02,7.35,-0.07,-0.05,-0.09,4.09,-16.94,4.73,50.96,-0.46,0.07,0.78
43.914,6,-0.841,-0.16,0.12,-0.5,74.36,-20.68,9,0.06,0.3,-0.04,3.96,33.87,-49.9,-51.42,0.15,-0.06,0.99
43.918,2,0.949,-0.31,0.01,0.07,21.35,3.73,-35.7,-0.02,-0.2,-0.03,4.09,-2.44,-7.93,47.15,-0.05,-0.4,0.9
43.919,3,-0.774,-0.32,0.03,0.54,309.2,17.35,34.2,-0,-0.06,-0.04,4.09,-12.51,63.93,21.06,-0.36,0.51,0.71
44.01,1,-0.604,0.17,0.12,0.77,270.56,-23.96,-1.38,0.06,-0.13,-0.07,4.09,34.79,-9.16,64.54,0.28,-0.01,0.89
44.012,5,-0.174,0.26,-0.21,-0.93,179.16,33.33,21.23,0.01,0.02,0.06,4.01,3.81,3.51,37.38,-0.55,0.3,0.79
44.015,7,0.418,0.18,0.15,0.88,140.6,-11.44,24.55,0.07,-0.07,-0.02,4.09,-54.78,-52.49,102.54,0.19,0.32,0.89
44.017,4,0.727,-0.44,0.04,0.52,72.02,31.48,-45.14,-0.01,-0.04,0.01,3.93,-15.11,3.81,28.23,-0.49,-0.53,0.62
44.021,0,-0.911,-0.14,-0.17,0.35,333.4,23.49,8.07,-0.13,0.01,-0.09,4.09,-23.65,-2.44,52.19,-0.45,0.02,0.8
44.023,6,-0.85,-0.2,0.13,-0.47,68.74,-24.19,14.07,-0.42,0.71,-0.09,3.96,24.26,-34.64,-43.18,-0.41,0.17,1.17
44.027,2,0.947,-0.31,0.01,0.1,24.65,4.19,-35.42,0.02,-0.04,0.09,4.09,-7.17,-17.09,34.33,-0.04,-0.59,0.89
44.028,3,-0.798,-0.35,-0,0.49,317.31,20.2,35.97,0,-0.07,-0.02,4.09,-29.91,62.41,84.08,-0.39,0.54,0.72
44.108,1,-0.645,0.17,0.14,0.73,276.89,-25.16,-0.66,-0.21,-0.11,-0.1,4.09,45.17,-16.48,65.31,0.35,-0.23,0.88
44.11,5,-0.14,0.26,-0.22,-0.93,184.07,32.8,24.14,0.05,-0.08,-0.03,4.01,-5.95,15.11,55.54,-0.65,0.39,0.85
44.113,7,0.356,0.21,0.07,0.91,148.41,-18.79,16.89,-0,0.32,-0.07,4.09,-49.29,-30.36,79.35,0.06,0.5,0.87
44.114,4,0.71,-0.45,0.03,0.54,74.47,32.47,-45.75,-0,-0.04,0.01,3.93,-18.01,-20.45,19.07,-0.57,-0.67,0.62
44.118,0,-0.929,-0.12,-0.16,0.31,338.41,21.75,8.03,-0.04,0.04,-0.06,4.09,-30.67,-24.57,58.29,-0.35,0.07,0.88
44.119,6,-0.866,-0.2,0.09,-0.45,65.85,-19.61,16.91,-0.33,0.74,0.21,3.96,1.07,162.2,-48.37,-0.04,0.13,1.31
44.123,2,0.941,-0.31,-0,0.13,28.82,4.61,-35.83,0.07,-0.05,0,4.09,-13.12,-27.01,20.6,0.02,-0.59,0.84
44.125,3,-0.85,-0.33,-0.03,0.41,329.07,18.88,35.15,0.07,-0.07,0.24,4.09,-125.89,43.18,98.27,-0.4,0.76,0.89
44.209,1,-0.69,0.18,0.15,0.69,284.99,-26.37,-2.85,0.09,-0.03,0.1,4.09,-13.28,-67.14,82.7,0.44,0.04,1.12
44.211,5,-0.1,0.27,-0.21,-0.93,188.99,32.68,24.23,0.12,-0.08,-0.03,4.01,-35.71,7.48,43.03,-0.66,0.33,0.77
44.215,7,0.299,0.2,0.03,0.93,156.29,-21.12,11.43,0.13,0.54,0.17,4.09,13.12,26.86,83.31,-0.03,0.58,1.2
44.217,4,0.696,-0.45,0.02,0.56,78.33,31.99,-44.87,0.05,0.04,0.13,3.93,-7.78,-22.58,47.61,-0.43,-0.6,0.61
44.221,0,-0.946,-0.1,-0.13,0.28,342.34,17.78,6.75,0.15,-0.16,0.58,4.09,-33.26,-19.68,42.11,-0.41,0.44,1.41
44.223,6,-0.848,-0.12,0,-0.52,75.97,-7.14,11.65,0.4,-0.03,0.39,3.96,-55.69,138.7,172.88,0.39,0.11,1.39
44.226,2,0.934,-0.32,-0.02,0.16,32.68,3.46,-36.83,0.28,-0.08,0.18,4.09,5.19,-31.59,10.53,0.26,-0.76,0.99
44.228,3,-0.884,-0.27,-0.08,0.37,333.42,19.73,27.17,0.07,-0.18,-0.04,4.09,-64.7,12.97,-7.02,-0.4,0.52,0.72
44.308,1,-0.695,0.22,0.12,0.67,288.22,-27.63,-9.38,0.55,-0.72,0.09,4.09,-38.91,61.8,19.99,-0.02,0.42,1.36
44.309,5,-0.062,0.26,-0.2,-0.94,193.1,31.13,23.24,0.04,-0.08,-0.09,4.01,-25.63,-10.38,39.06,-0.51,0.31,0.76
44.313,7,0.24,0.14,0.09,0.96,164.35,-12.6,13.56,0.07,-0.52,0.46,4.09,86.98,165.25,49.59,0.58,-0.11,1.46
44.314,4,0.668,-0.44,0.01,0.6,84.79,33.13,-42.69,0.04,-0.06,0.02,3.93,-11.75,-26.86,39.37,-0.47,-0.62,0.63
44.317,0,-0.958,-0.08,-0.12,0.25,345.99,16.18,5.75,-0.13,-0.13,0.2,4.09,-29.6,14.5,62.56,-0.49,0.2,1.06
44.319,6,-0.795,-0.02,-0.06,-0.6,88.54,4.29,6.48,0.1,-0.32,-0.17,3.96,-40.13,119.32,77.21,0.28,0.07,0.84
44.323,2,0.929,-0.3,-0.04,0.21,38.09,3.01,-35.59,0.26,-0.14,0.01,4.09,13.43,-33.72,68.51,0.22,-0.55,0.88
44.325,3,-0.894,-0.25,-0.09,0.36,334.27,20.26,23.52,-0.1,-0.04,-0.05,4.09,-30.06,25.02,16.02,-0.43,0.3,0.79
44.402,1,-0.695,0.21,0.09,0.68,287.6,-24.06,-11.22,0.34,-0.24,-0.19,4.09,-17.09,16.94,-46.23,0.1,0.15,0.88
44.403,5,-0.028,0.26,-0.19,-0.95,196.84,29.82,23.07,-0,-0.02,-0.02,4.01,-9.92,13.28,30.52,-0.5,0.29,0.8
44.408,7,0.203,0.07,0.21,0.95,169.45,-2.83,25.25,0.18,-0.43,0.13,4.09,130.92,98.88,-27.01,0.1,0.1,1.19
44.41,4,0.639,-0.43,0.01,0.64,90.54,34.15,-41.27,0,-0.01,0.02,3.93,-24.72,-13.89,30.06,-0.57,-0.6,0.65
44.413,0,-0.968,-0.07,-0.14,0.2,351.81,17.18,5.08,-0.06,-0.22,-0.15,4.09,-22.58,20.29,52.95,-0.39,0.24,0.73
44.415,6,-0.749,0.05,-0.1,-0.65,96.73,11.73,3.35,-0.12,-0.36,-0.39,3.96,-47.3,41.35,64.7,0.19,0.2,0.64
44.418,2,0.916,-0.29,-0.04,0.27,45.76,4.41,-34.01,0,-0.18,-0.06,4.09,2.75,-19.53,62.41,0.02,-0.42,0.84
44.42,3,-0.908,-0.24,-0.11,0.33,338.8,21.17,22.55,-0.17,0,-0.08,4.09,-24.11,25.18,64.39,-0.45,0.23,0.79
44.501,1,-0.68,0.21,0.08,0.7,285.15,-24.15,-11.24,0.12,-0.26,-0.17,4.09,-9.77,-4.27,-19.07,0.14,-0.03,0.88
44.502,5,0.003,0.28,-0.19,-0.94,201.47,31.29,25.02,0.06,0.02,0.17,4.01,-0.61,54.47,20.45,-0.53,0.32,0.66
44.506,7,0.215,0,0.32,0.92,170.36,7.63,36.77,0.02,-0.63,-0.41,4.09,97.35,78.58,5.19,0.11,-0.04,0.86
44.508,4,0.607,-0.44,-0.01,0.66,95.25,35.11,-41.58,-0.14,0.08,-0.05,3.93,-42.27,-14.34,17.7,-0.6,-0.46,0.64
44.511,0,-0.973,-0.07,-0.15,0.16,355.6,17.91,4.98,-0.11,-0.19,-0.11,4.09,-9.31,12.51,22.58,-0.43,0.21,0.78
44.513,6,-0.685,0.06,-0.1,-0.72,107.33,12.8,3.87,0.06,0.28,-0.2,3.96,-4.58,-30.67,127.11,-0.59,-0.06,0.8
44.516,2,0.9,-0.3,-0.04,0.32,50.83,6.44,-34.36,-0.08,-0.24,-0.08,4.09,-11.6,-3.97,23.04,-0.02,-0.34,0.89
44.518,3,-0.931,-0.22,-0.13,0.26,347.1,21.18,21.72,-0.07,0.02,-0.1,4.09,-48.37,27.16,80.72,-0.38,0.25,0.79
44.619,1,-0.67,0.22,0.08,0.7,283.85,-24.66,-12.2,0.23,-0.19,-0.07,4.09,-28.08,0.76,-25.79,0.24,0.06,0.95
44.621,5,0.034,0.33,-0.19,-0.92,207.7,36.56,27.96,0.04,-0.01,0.07,4.01,-10.07,76.9,16.33,-0.63,0.24,0.62
44.625,7,0.19,-0.02,0.4,0.9,174.9,11.31,46.24,-0.27,-0.08,-0.53,4.09,54.78,11.14,-43.49,0.25,0.26,0.32
44.627,4,0.574,-0.45,-0.03,0.68,99.39,35.91,-43.08,-0.05,0.03,0.04,3.93,-44.4,-16.78,25.48,-0.62,-0.55,0.61
44.63,0,-0.973,-0.07,-0.15,0.15,356.89,18.8,5.35,-0.11,-0.06,-0.04,4.09,-3.81,2.14,6.1,-0.42,0.11,0.86
44.632,6,-0.626,0.07,-0.08,-0.77,116.32,11.48,2.29,-0.13,0.56,0.32,3.96,-26.55,33.11,28.08,-0.91,0.33,1.34
44.636,2,0.894,-0.3,-0.05,0.33,52.72,6.7,-34.64,0.12,-0.08,0.04,4.09,-7.63,-13.28,19.84,0.02,-0.62,0.83
44.637,3,-0.955,-0.2,-0.14,0.17,356.98,19.22,20.4,0.02,-0.02,-0.03,4.09,-48.37,-5.8,110.63,-0.29,0.39,0.89
44.718,1,-0.661,0.23,0.06,0.71,282.91,-23.94,-14.37,0.01,0.05,0,4.09,-30.98,18.77,4.12,0.45,-0.21,0.87
44.72,5,0.071,0.38,-0.17,-0.91,214.19,41.02,29.21,0.16,-0.19,-0.11,4.01,-52.03,39.06,15.56,-0.76,0.11,0.52
44.726,7,0.214,0.01,0.41,0.89,171.12,9.43,48.08,0.19,-0.23,-0.39,4.09,-4.43,-86.21,52.49,-0.23,0.31,0.68
44.727,4,0.545,-0.46,-0.05,0.7,103.41,35.4,-44.71,0.02,-0.06,-0.02,3.93,-14.5,-36.32,16.17,-0.53,-0.64,0.55
44.731,0,-0.976,-0.07,-0.15,0.15,357.92,17.98,5.59,0.02,0.04,-0.06,4.09,-16.48,-22.74,28.38,-0.24,0.06,0.91
44.732,6,-0.618,0.06,-0.08,-0.78,117.56,11.63,2.99,0,-0.53,0.39,3.96,32.96,-105.13,-49.29,0.39,-0.59,1.59
44.736,2,0.885,-0.3,-0.06,0.35,55.24,6.33,-35.15,0.13,-0.08,0.06,4.09,-4.73,-16.63,10.83,0.04,-0.65,0.86
44.737,3,-0.973,-0.15,-0.13,0.12,1.71,16.29,15.73,0.07,-0.45,0.09,4.09,-40.13,27.16,0.15,-0.41,0.65,0.71
44.817,1,-0.668,0.24,0.03,0.7,284.58,-22.7,-17.36,0.16,-0.35,0.2,4.09,-3.05,-3.97,48.37,0.15,-0.22,1.32
44.818,5,0.112,0.39,-0.15,-0.9,219.16,41.49,28.36,0.04,-0.03,0.02,4.01,-29.75,9.61,37.69,-0.71,0.4,0.69
44.823,7,0.175,0.09,0.39,0.9,171.2,-1.77,47.19,0.69,-0.12,1.04,4.09,36.62,-187.23,16.94,-1.09,1.23,2.17
44.824,4,0.521,-0.44,-0.07,0.73,109.54,34.64,-41.86,-0.06,-0.15,-0.04,3.93,5.49,-34.33,34.48,-0.49,-0.56,0.69
44.828,0,-0.984,-0.06,-0.12,0.12,1.27,14.51,4.83,-0.05,-0.01,0.58,4.09,-25.94,-4.12,57.07,-0.45,0.06,1.39
44.829,6,-0.597,-0.01,-0.04,-0.8,120.79,2.35,4.66,-0.14,-0.14,0.03,3.96,21.06,-94.15,30.06,0.04,0.19,1.06
44.833,2,0.885,-0.3,-0.07,0.35,55.82,5.33,-34.99,0.2,-0.12,0.17,4.09,12.21,5.49,-3.97,0.15,-0.73,0.99
44.835,3,-0.973,-0.12,-0.12,0.16,357.01,15.28,11.86,-0.05,0.06,0.08,4.09,-20.14,-15.26,-11.9,-0.33,0.16,1.05
44.896,1,-0.73,0.23,0.03,0.64,294.72,-20.31,-18.16,-0.17,-0.26,-0.04,4.09,46.69,-5.49,203.09,0.07,-0.42,1.01
44.898,5,0.146,0.39,-0.14,-0.9,223.56,41.11,28.87,0.12,-0.08,-0.01,4.01,-9.46,7.78,35.55,-0.75,0.38,0.61
44.901,0,-0.99,-0.04,-0.12,0.07,6.35,13.8,4.19,-0.21,-0.1,0.02,4.09,-12.97,-6.87,61.04,-0.47,0.1,0.95
44.903,4,0.49,-0.42,-0.07,0.76,116.29,34.66,-38.24,-0.1,-0.03,-0.15,3.93,-3.36,-16.48,44.86,-0.46,-0.38,0.63
44.907,2,0.88,-0.28,-0.06,0.38,58.79,6.18,-32.96,0.01,-0.22,-0.21,4.09,3.2,-24.26,82.7,0.11,-0.24,0.77
44.908,6,-0.596,-0.08,-0.02,-0.8,120.24,-6.22,7.3,0,0.21,0.01,3.96,30.98,-65.92,-32.04,-0.09,0.19,1.01
45.021,1,-0.809,0.22,0.03,0.54,309.25,-16.73,-19.86,0.08,-0.13,-0.18,4.09,32.65,-18.77,169.83,0.14,-0.18,0.78
45.023,3,-0.973,-0.11,-0.12,0.16,356.92,15.92,10.98,-0.05,-0.07,-0.09,4.09,8.54,16.17,29.14,-0.3,0.21,0.84
45.027,2,0.871,-0.26,-0.07,0.41,62.73,5.2,-31.39,0.07,-0.04,0,4.09,13.12,-27.77,0,-0.02,-0.56,0.84
45.029,5,0.168,0.39,-0.15,-0.89,227.31,40.88,31.24,-0.02,-0.03,0.01,4.01,1.98,14.34,21.06,-0.74,0.28,0.52
45.032,0,-0.993,-0.03,-0.11,0.01,12.89,12.68,3.7,-0.17,-0.09,-0.1,4.09,-29.91,-2.59,65.77,-0.37,0.15,0.84
45.034,4,0.459,-0.42,-0.07,0.78,119.94,36.28,-38.49,-0.09,-0.05,-0.01,3.93,-36.62,12.82,20.29,-0.53,-0.49,0.69
45.038,7,-0.011,0.18,0.3,0.94,188.55,-20.46,36.92,-0.24,0.15,0.06,4.09,-37.54,-26.55,127.72,0.57,0.69,0.64
45.039,6,-0.622,-0.13,-0.01,-0.77,115.3,-11.2,10.59,0.03,0.19,0.02,3.96,19.84,-46.23,-60.12,0.01,0.16,1
45.12,1,-0.869,0.21,0.03,0.45,322.35,-14.05,-20.96,0.27,-0.25,-0.15,4.09,55.24,-31.28,150.3,0.19,0.01,0.92
45.122,3,-0.976,-0.12,-0.13,0.13,0.96,16.37,12.62,0.01,-0.02,-0.02,4.09,-5.04,18.62,41.05,-0.27,0.21,0.91
45.127,7,-0.08,0.22,0.26,0.94,196.26,-26.86,30.85,0.11,-0.38,0.02,4.09,-19.07,-4.58,93.08,0.35,0.16,1.04
45.128,5,0.184,0.41,-0.15,-0.88,230.79,41.78,33.54,0.1,-0.05,0.04,4.01,-1.07,35.55,14.65,-0.79,0.44,0.58
45.132,0,-0.992,-0.02,-0.11,-0.04,19.33,13.02,3.01,-0.13,0,0,4.09,-33.87,18.77,70.8,-0.35,0.06,0.94
45.133,4,0.435,-0.44,-0.09,0.78,121.57,37.56,-40.66,-0.06,-0.1,0.04,3.93,-28.38,-0.46,12.97,-0.51,-0.48,0.64
45.137,2,0.856,-0.26,-0.07,0.44,66.63,6.82,-30.93,0.04,-0.17,-0.07,4.09,6.56,-1.07,65,0.03,-0.42,0.86
45.139,6,-0.647,-0.17,-0.01,-0.74,110.17,-13.78,14.29,0.22,0.25,-0.08,3.96,37.69,-33.42,-26.7,-0.06,0.04,1.01
45.219,1,-0.92,0.2,0.04,0.34,335.81,-11.59,-20.23,0.26,-0.23,0,4.09,33.57,-27.01,117.8,0.25,0.05,0.96
45.221,3,-0.981,-0.12,-0.13,0.08,6.33,16.01,13,0.04,-0.08,-0.01,4.09,-10.38,-2.14,59.2,-0.24,0.28,0.92
45.227,7,-0.162,0.24,0.23,0.93,206.91,-31.49,24.37,0.09,-0.14,0.03,4.09,-2.75,-6.56,126.5,0.44,0.25,0.94
45.228,5,0.195,0.44,-0.13,-0.87,234.46,45.42,34.92,0.09,-0.05,0.04,4.01,-15.41,42.27,-3.36,-0.81,0.4,0.53
45.234,0,-0.987,0,-0.13,-0.09,25.06,14.76,1.42,-0.09,-0.09,0,4.09,-37.08,19.99,47.61,-0.32,0.12,0.95
45.235,4,0.416,-0.44,-0.11,0.79,123.12,36.95,-43.31,0,-0.08,-0.07,3.93,-38.45,-16.63,2.59,-0.58,-0.57,0.54
45.24,2,0.838,-0.26,-0.06,0.48,70.97,8.71,-29.87,0.06,-0.13,-0.03,4.09,-2.59,-2.75,39.52,-0,-0.48,0.86
45.241,6,-0.648,-0.2,-0.03,-0.73,108.69,-15.22,18.34,0.25,0.84,0.13,3.96,40.59,25.94,5.8,-0.54,0.19,1.37
45.316,1,-0.95,0.18,0.04,0.25,345.79,-9.78,-18.91,0.34,-0.34,0.01,4.09,36.93,-20.29,85.6,0.31,0.12,1.07
45.318,3,-0.986,-0.12,-0.11,0.02,13.92,13.16,14.23,0.18,-0.08,0.16,4.09,-9.77,-19.68,79.35,-0.11,0.47,1.23
45.322,7,-0.261,0.26,0.2,0.91,220.85,-35.81,16.29,0.25,-0.3,0.02,4.09,-7.78,-7.48,108.03,0.31,0.16,1.03
45.324,5,0.214,0.46,-0.1,-0.86,237.44,47.85,33.73,-0,-0.14,0.02,4.01,-47.15,14.34,9.46,-0.8,0.23,0.53
45.328,2,0.818,-0.27,-0.05,0.51,74.67,10.9,-30.01,0.09,-0.02,0.03,4.09,-11.29,5.19,53.56,-0.13,-0.56,0.88
45.329,4,0.395,-0.44,-0.15,0.79,126.18,34.98,-45.38,-0.01,-0.11,0,3.93,-17.24,-40.74,-7.32,-0.48,-0.66,0.61
45.333,0,-0.981,0.02,-0.14,-0.13,29.59,16.43,-0.34,-0.04,-0.05,0.04,4.09,-27.77,20.45,46.54,-0.32,0.06,1
45.335,6,-0.628,-0.15,-0.1,-0.76,113.45,-6.06,20.55,0.71,-0.67,-0.08,3.96,-24.11,94.76,48.68,0.62,-0.59,1.22
45.427,1,-0.967,0.16,0.04,0.2,352.28,-7.53,-17.02,0.52,-0.29,-0.01,4.09,47,23.35,61.49,0.52,0.18,1.01
45.429,3,-0.987,-0.12,-0.1,0,15.26,11.95,13.87,-0.2,-0.1,-0.29,4.09,17.55,-26.55,4.58,-0.27,0.24,0.7
45.432,7,-0.342,0.28,0.18,0.88,233.69,-38.01,8.48,0.36,-0.32,0.01,4.09,-6.71,-13.28,103.76,0.11,0.27,1.11
45.433,5,0.243,0.46,-0.07,-0.85,240.18,48.32,31.31,0.15,-0.15,0.04,4.01,-34.48,3.36,13.89,-0.93,0.34,0.51
45.437,0,-0.975,0.04,-0.14,-0.17,33.55,16.89,-1.21,-0,-0.1,0.08,4.09,-9.16,-11.14,34.79,-0.29,0.07,1.06
45.438,4,0.379,-0.41,-0.18,0.81,130.02,32.46,-45.28,-0.05,-0.09,0,3.93,-14.19,-25.33,5.19,-0.43,-0.67,0.66
45.442,2,0.79,-0.27,-0.04,0.55,79.99,13.54,-29.19,0.01,-0.23,-0,4.09,4.58,-17.7,22.74,-0.1,-0.41,0.93
45.444,6,-0.466,-0.06,-0.11,-0.88,137.96,-0.46,14.53,-0.58,-0.32,0.19,3.96,-46.39,122.99,283.36,0.58,0.56,1.05
45.527,1,-0.978,0.13,0.02,0.16,356.04,-4.55,-14.9,0.08,-0.61,0.08,4.09,-11.14,6.71,-10.68,-0.09,0.28,1.18
45.528,3,-0.987,-0.14,-0.07,0,15.24,8.24,16.61,-0.02,-0.2,-0.1,4.09,40.89,-29.6,-3.66,-0.15,0.44,0.79
45.532,7,-0.407,0.26,0.15,0.86,243.52,-34.33,3.18,0.89,-0.36,-0.23,4.09,22.89,120.39,6.41,-0.27,0.5,1.09
45.533,5,0.261,0.46,-0.05,-0.85,241.98,48.71,29.75,-0.08,-0,-0.05,4.01,-17.55,10.99,6.87,-0.7,0.35,0.65
45.537,0,-0.972,0.03,-0.13,-0.2,36.69,15.24,-0.66,-0.26,-0.18,0.09,4.09,3.05,-7.48,14.95,-0.48,0.27,0.92
45.538,4,0.358,-0.4,-0.2,0.82,133.55,31.03,-45.64,-0.02,-0.1,-0.06,3.93,-28.08,-33.26,5.95,-0.4,-0.62,0.57
45.542,2,0.792,-0.26,-0.05,0.55,80.71,11.8,-28.16,0.18,-0.1,0.14,4.09,9.92,-6.1,-7.93,-0.04,-0.68,0.86
45.544,6,-0.337,0.02,-0.1,-0.94,154.9,5.84,9.7,-0.06,-0.53,0.03,3.96,-77.06,86.67,75.99,0.25,-0.23,1.13
45.627,1,-0.966,0.16,-0.01,0.2,350.73,-2.75,-18.36,0.18,-0.48,-0.13,4.09,-47.91,45.62,-132.6,0.11,0.19,0.99
45.628,3,-0.982,-0.18,-0.05,0.01,14.34,5.25,20.84,-0.04,-0,-0.12,4.09,37.08,-25.02,19.84,-0.11,0.32,0.84
45.632,7,-0.422,0.14,0.15,0.88,243.47,-22.25,8.39,0.14,-0.08,0.46,4.09,85.3,108.49,-103.3,0.41,0.24,1.34
45.633,5,0.268,0.47,-0.04,-0.84,243.74,50.24,29.82,0.03,0.01,0.07,4.01,-3.66,18.31,4.88,-0.9,0.41,0.62
45.636,0,-0.972,0.03,-0.13,-0.19,36.54,15.6,-0.17,-0.36,0.03,-0.05,4.09,4.58,12.97,-14.5,-0.59,0.1,0.83
45.638,4,0.336,-0.39,-0.22,0.83,136.36,30.05,-47.24,-0.05,-0.05,-0.06,3.93,-24.72,-16.94,8.39,-0.41,-0.62,0.6
45.641,2,0.773,-0.25,-0.04,0.58,84.8,13.59,-26.23,-0.25,-0.12,-0.13,4.09,11.14,-5.95,36.16,-0.17,-0.13,0.88
45.643,6,-0.198,0.11,-0.05,-0.97,171.46,13.64,3.22,-0.44,0.07,0.06,3.96,-92.62,94.6,156.1,0.1,0.31,1.1
45.727,1,-0.942,0.18,0,0.28,341.83,-5.93,-20,0.04,-0.32,0,4.09,-6.1,-14.5,-90.79,-0.04,-0.1,1.02
45.728,3,-0.978,-0.21,-0.02,-0.02,16.73,1.19,24.05,0.1,-0.06,0.11,4.09,24.72,-24.72,54.47,0.06,0.57,0.96
45.733,7,-0.323,0.02,0.19,0.93,230.85,-9.25,20.66,-0.3,-0.41,0.17,4.09,83.31,134.74,-134.28,0.24,-0.13,1.24
45.734,5,0.273,0.48,-0.03,-0.83,245.16,51.55,30.11,-0.02,-0.07,0.19,4.01,-8.85,16.78,-2.29,-0.79,0.26,0.52
45.738,0,-0.972,0.03,-0.15,-0.18,35.49,17.11,-0.28,-0.22,0.04,-0.09,4.09,0,18.46,-2.14,-0.47,0.03,0.81
45.74,4,0.321,-0.39,-0.25,0.82,137.65,29.3,-49.67,0.02,-0.02,0.04,3.93,-30.67,-17.7,4.43,-0.51,-0.75,0.57
45.744,2,0.771,-0.24,-0.04,0.59,86.03,12.29,-25.55,0.09,0.01,0.01,4.09,-1.68,-14.5,12.82,-0.21,-0.49,0.84
45.745,6,-0.093,0.18,0,-0.98,182.76,20.07,-2.25,-0.28,0.11,-0.2,3.96,-89.72,46.69,72.02,-0.04,0.08,0.83
45.825,1,-0.926,0.19,0.02,0.32,337.21,-9.2,-20.3,0.17,-0.4,-0.12,4.09,2.75,-18.62,-47.91,0.03,0.09,0.98
45.826,3,-0.973,-0.23,0.01,-0.04,18.43,-1.98,26.4,-0,-0.04,0.04,4.09,28.08,-17.7,-7.02,0.08,0.49,0.92
45.83,7,-0.291,-0.11,0.22,0.92,230.05,4.37,28.11,-0.31,0.17,0.04,4.09,87.59,101.62,-83.62,0.29,0.42,0.94
45.831,5,0.282,0.49,-0.02,-0.83,247.01,52.86,30.16,0.03,-0.1,-0.07,4.01,-18.62,9.31,-6.71,-0.84,0.21,0.45
45.835,0,-0.971,0.03,-0.16,-0.18,34.73,18.47,-0.62,-0.19,0.02,-0.14,4.09,4.58,9.46,-7.02,-0.45,0.06,0.78
45.836,4,0.305,-0.38,-0.27,0.83,139.98,28.05,-51.05,-0.16,-0.1,0.06,3.93,-15.11,-21.51,16.63,-0.34,-0.37,0.45
45.84,2,0.763,-0.23,-0.04,0.6,87.72,12.39,-24.83,-0.07,-0.03,-0.2,4.09,-1.83,-4.27,-20.14,-0.16,-0.29,0.74
45.842,6,-0.032,0.2,0.06,-0.98,188.77,22.27,-7.5,-0.2,-0.02,-0.44,3.96,-56.92,-34.64,9.46,-0.1,-0.06,0.59
45.922,1,-0.919,0.19,0.03,0.34,334.95,-10.73,-19.44,0.26,-0.37,-0.13,4.09,3.05,-0.92,-39.67,0.13,0.16,0.97
45.924,3,-0.968,-0.25,0.03,-0.04,17.86,-4.31,28.42,0.12,-0.06,0.1,4.09,-4.27,-18.92,21.36,0.19,0.57,0.98
45.928,7,-0.217,-0.2,0.24,0.93,224.96,15.24,33.24,-0.23,-0.02,-0.7,4.09,28.53,4.43,-106.96,0.02,0.07,0.4
45.929,5,0.296,0.48,0.01,-0.82,247.58,53.3,27.47,0.04,-0.05,0.02,4.01,-39.52,-6.56,18.16,-0.9,0.27,0.49
45.933,0,-0.97,0.03,-0.17,-0.17,34.44,19.74,0.37,-0.13,0.01,-0.05,4.09,17.24,13.12,-5.34,-0.42,0.04,0.85
45.934,4,0.304,-0.37,-0.29,0.83,140.92,26.4,-51.32,-0.11,0.01,-0.03,3.93,4.12,-17.24,-6.87,-0.39,-0.59,0.61
45.939,2,0.777,-0.24,-0.05,0.58,84.92,11.18,-26.41,0.2,0.03,0.02,4.09,-11.9,5.19,-14.8,-0.15,-0.65,0.8
45.941,6,-0.024,0.13,0.09,-0.99,189.92,14.18,-11.03,-0.18,0.54,0.22,3.96,8.24,-108.49,27.77,-0.43,0.51,1.53
46.021,1,-0.912,0.19,0.03,0.36,332.43,-11.04,-18.98,0.39,-0.23,-0,4.09,-9.61,4.12,-29.14,0.32,0.09,1.06
46.022,3,-0.968,-0.24,0.04,-0.06,19.25,-6.2,27.52,0.12,-0.3,0.14,4.09,-13.28,4.73,34.94,0.26,0.78,0.85
46.027,0,-0.97,0.01,-0.18,-0.16,33.43,20.56,1.92,-0.07,-0.07,0.11,4.09,18.77,2.14,-15.26,-0.43,0.13,1.03
46.028,5,0.324,0.47,0.03,-0.82,248.82,51.88,24.01,-0.03,0.07,0.07,4.01,-41.96,-20.75,10.53,-0.73,0.26,0.63
46.032,2,0.77,-0.25,-0.06,0.58,85.66,11.46,-27.25,0.06,-0.17,0.01,4.09,-0.15,-5.95,-16.48,-0.03,-0.5,0.97
46.033,4,0.305,-0.35,-0.28,0.84,142.98,24.41,-48.78,-0.08,0.02,0.14,3.93,22.28,-34.48,17.4,-0.32,-0.53,0.64
46.036,7,-0.142,-0.2,0.26,0.93,216.83,17.46,34.38,0.09,-0,-0.18,4.09,27.31,-39.83,-69.89,-0.27,0.39,0.57
46.038,6,-0.079,0.05,0.07,-0.99,184.57,4.89,-8.64,-0.18,-0.4,0.38,3.96,36.16,-73.85,-38.45,0.11,-0.53,1.29
46.12,1,-0.902,0.2,0.02,0.38,329.93,-10.9,-20.11,0.07,-0.2,0.31,4.09,-13.28,12.05,-23.19,0.2,-0.29,1.35
46.122,3,-0.967,-0.25,0.04,-0.05,17.9,-5.89,28.47,-0.18,-0.04,-0.11,4.09,25.79,2.44,-94.3,-0.06,0.46,0.76
46.127,7,-0.105,-0.14,0.28,0.95,210.33,11.76,34.21,0.01,-0.76,0.96,4.09,25.79,-106.51,-16.78,-0.47,0.23,2.03
46.129,5,0.334,0.44,0.04,-0.83,246.89,49.57,19.73,0.02,0.09,-0.04,4.01,-19.99,-20.45,-7.32,-0.75,0.25,0.58
46.132,0,-0.973,0,-0.18,-0.15,32.34,20.12,3.06,-0.2,0.02,0.24,4.09,5.19,2.29,-1.37,-0.61,0.1,1.09
46.134,4,0.303,-0.33,-0.27,0.85,144.52,23.7,-46.54,0.01,0.04,0.01,3.93,9.92,8.09,10.83,-0.39,-0.72,0.64
46.138,2,0.787,-0.23,-0.07,0.57,83.78,8.43,-26.32,0.28,-0.1,0.25,4.09,3.05,-13.73,-36.01,-0.06,-0.84,0.92
46.139,6,-0.107,-0.01,0.06,-0.99,181.86,-2.3,-6.28,-0.06,-0.16,0.11,3.96,33.72,-67.9,-61.04,0.12,-0.27,1.08
46.21,1,-0.908,0.19,0.01,0.37,331.05,-9.71,-19.94,-0.08,-0.24,0.04,4.09,23.35,7.02,65.31,-0.03,-0.29,1.08
46.212,3,-0.965,-0.26,0.04,-0.01,13.5,-4.73,30.12,-0.12,0.05,-0.13,4.09,-10.07,-18.01,-5.34,-0.03,0.4,0.78
46.215,7,-0.184,-0.09,0.26,0.94,217.17,3.64,31.95,-0.38,0.04,0.18,4.09,-42.88,-63.17,132.6,0.23,0.56,1.07
46.217,5,0.338,0.43,0.06,-0.84,245.8,48.67,17.2,-0.01,0.02,0.14,4.01,-6.71,-0.76,-1.53,-0.71,0.26,0.65
46.22,0,-0.975,-0,-0.17,-0.14,30.62,19.66,2.9,-0.25,0.21,0.02,4.09,4.88,-8.09,-1.37,-0.62,-0.08,0.87
46.222,4,0.299,-0.33,-0.26,0.86,145.21,24.47,-45.19,-0.05,0.09,-0.08,3.93,-3.97,1.07,10.07,-0.45,-0.57,0.69
46.244,2,0.782,-0.23,-0.08,0.57,84.78,7.52,-27,-0.02,0.07,-0.2,4.09,-10.68,-24.11,31.13,-0.17,-0.36,0.7
46.246,6,-0.114,-0.07,0.04,-0.99,181.15,-8.5,-3.2,-0.11,0.1,-0.05,3.96,34.33,-67.44,6.87,0.18,0.11,0.94
46.323,1,-0.935,0.17,0,0.31,338.28,-6.22,-18.6,0.06,-0.34,-0.09,4.09,24.57,12.36,114.29,-0.01,0,0.97
46.325,3,-0.964,-0.26,0.05,0.01,11.35,-5.39,30.44,-0.09,-0,-0.06,4.09,13.89,-11.9,-27.92,0.02,0.46,0.81
46.329,7,-0.237,-0,0.25,0.94,220.76,-6.49,28.87,-0.07,-0.15,-0.08,4.09,-34.94,-75.53,56.3,0.12,0.29,0.9
46.331,5,0.334,0.43,0.06,-0.84,245.22,49.11,16.75,-0.01,-0.03,-0.02,4.01,4.88,12.51,-1.98,-0.74,0.23,0.67
46.334,0,-0.976,-0,-0.17,-0.14,30.65,19.47,3.28,-0.19,0.04,-0.08,4.09,-2.9,4.58,7.63,-0.48,0.07,0.79
46.336,4,0.293,-0.35,-0.27,0.85,144.77,25.36,-47.05,-0.02,0.01,-0.03,3.93,-27.31,12.05,4.27,-0.42,-0.63,0.61
46.34,2,0.775,-0.22,-0.09,0.58,86.44,6.54,-27.34,0.08,0.01,-0.08,4.09,-8.85,-0.46,9.46,-0.1,-0.46,0.8
46.342,6,-0.137,-0.14,0.01,-0.98,178.01,-15.73,0.89,0.1,-0.01,-0.06,3.96,32.65,-75.68,-58.29,0.16,-0.08,0.94
46.422,1,-0.96,0.16,-0.01,0.23,347.38,-3.64,-17.76,0.14,-0.17,-0.28,4.09,20.14,-29.91,94.6,0.11,-0.01,0.74
46.424,3,-0.96,-0.27,0.06,0.03,9.23,-5.58,31.81,-0.06,-0.01,0.02,4.09,11.6,-1.07,-1.68,0.04,0.57,0.86
46.429,7,-0.263,0.08,0.23,0.93,222.12,-15.9,23.93,0.09,-0.09,0.02,4.09,-47,-85.3,67.75,0.13,0.35,0.98
46.43,5,0.322,0.44,0.06,-0.84,244.37,50.97,16.87,0.09,0.01,0.13,4.01,13.58,14.34,-7.02,-0.89,0.28,0.64
46.434,0,-0.975,-0,-0.17,-0.14,31.06,19.65,3.49,-0.21,0.07,-0.17,4.09,-6.26,-1.98,3.66,-0.5,0.03,0.73
46.435,4,0.292,-0.36,-0.29,0.84,143.5,25.49,-50.35,0.04,0.03,0.12,3.93,-30.82,18.77,-4.73,-0.47,-0.68,0.59
46.439,2,0.769,-0.23,-0.09,0.59,86.86,7.5,-28.3,0.08,0.01,-0.03,4.09,-24.72,3.36,16.33,-0.16,-0.52,0.81
46.441,6,-0.153,-0.18,-0.01,-0.97,175.25,-20.46,4.77,0.08,0.14,0.04,3.96,26.55,-35.25,-14.8,0.25,0.17,0.99
46.519,1,-0.973,0.14,0.01,0.18,353.96,-3.95,-16.2,0.27,-0.26,-0.26,4.09,20.45,-32.5,46.39,0.23,0.12,0.79
46.521,3,-0.955,-0.29,0.06,0.03,8.87,-5.57,33.77,0.02,0.06,0.06,4.09,12.82,6.41,13.28,0.13,0.52,0.91
46.525,7,-0.324,0.17,0.19,0.91,229.57,-26.09,15.66,0.23,-0.22,0.02,4.09,-52.19,-72.17,153.05,0.22,0.33,1.04
46.527,5,0.309,0.45,0.06,-0.84,243.22,52.02,17.43,0,0,0.02,4.01,17.24,-1.07,-2.9,-0.79,0.19,0.56
46.53,0,-0.974,0,-0.17,-0.15,31.77,19.48,2.9,-0.13,0.17,-0.12,4.09,-13.58,-0.61,20.45,-0.45,-0.05,0.8
46.532,4,0.3,-0.38,-0.3,0.82,140.24,26.64,-53.65,-0.04,0.01,0.01,3.93,-1.98,36.77,0.46,-0.5,-0.74,0.6
46.535,2,0.76,-0.25,-0.09,0.59,87.32,9.07,-30.21,0.12,-0,-0.03,4.09,-23.35,4.88,4.58,-0.11,-0.61,0.77
46.537,6,-0.172,-0.22,-0.04,-0.96,171.76,-23.68,9.41,0.55,0.04,0.16,3.96,30.98,-17.24,-37.08,-0.01,0.02,1.3
46.62,1,-0.982,0.13,0.02,0.14,358.55,-4.7,-14.09,0.36,-0.28,0.11,4.09,37.23,-19.23,41.05,0.37,0.09,1.15
46.622,3,-0.957,-0.28,0.06,0.01,10.95,-6,33.16,0.06,-0.1,0.23,4.09,-6.26,9.31,16.63,0.18,0.74,0.97
46.627,7,-0.39,0.24,0.16,0.87,240.19,-32.81,6.5,0.25,-0.3,-0,4.09,-20.75,-44.86,62.26,0.2,0.1,1.06
46.628,5,0.301,0.44,0.04,-0.85,241.79,50.03,18.13,0.03,0.04,0.05,4.01,2.29,-37.23,-6.56,-0.82,0.23,0.66
46.632,0,-0.971,0.01,-0.17,-0.16,33.65,19.78,2.21,-0.06,0.04,0.14,4.09,-10.53,-0.61,18.77,-0.43,0.03,1.09
46.633,4,0.309,-0.39,-0.27,0.82,138.75,28.71,-51.76,0.03,0.06,0.07,3.93,49.74,-9.46,13.43,-0.48,-0.75,0.62
46.637,2,0.756,-0.27,-0.1,0.59,87.1,9.49,-32.22,0.13,0.03,0.07,4.09,-11.6,0.15,-7.17,-0.14,-0.68,0.85
46.639,6,-0.196,-0.19,-0.06,-0.96,168.82,-19.59,12.16,0.57,0.03,0.06,3.96,8.09,108.95,-51.42,-0.07,0.03,1.23
46.753,1,-0.988,0.11,0.02,0.11,2.01,-3.7,-12.35,0.5,-0.23,0.07,4.09,20.45,27.16,38.76,0.49,0.12,1.04
46.754,3,-0.961,-0.27,0.05,0.01,11.64,-5.36,31.8,-0.15,0.04,0.03,4.09,-10.99,-1.83,-25.33,-0.07,0.49,0.91
46.759,7,-0.43,0.25,0.14,0.86,247.11,-33.56,1.06,0.56,-0.21,-0.06,4.09,-6.71,25.02,44.71,0.09,0.32,1.07
46.761,5,0.301,0.42,0.03,-0.86,240.05,47.13,16.77,0,0.11,-0.05,4.01,-9.61,-19.53,-4.27,-0.74,0.15,0.65
46.765,0,-0.972,0.01,-0.16,-0.17,34.67,17.98,2.4,-0.06,-0.03,0.17,4.09,2.44,-31.59,9.61,-0.42,0.1,1.13
46.766,4,0.315,-0.39,-0.23,0.84,139.81,30.16,-46.02,0.02,0.11,0.04,3.93,30.82,4.88,14.5,-0.49,-0.66,0.66
46.771,2,0.766,-0.26,-0.11,0.58,85.82,7.17,-32.48,0.22,0.04,0.21,4.09,0.15,-16.63,-10.68,-0.1,-0.83,0.9
46.772,6,-0.194,-0.09,-0.06,-0.97,170.87,-9.13,8.76,-0.03,-0.01,0.28,3.96,-70.5,116.73,58.14,0.23,0.23,1.21
46.832,1,-0.987,0.12,0.01,0.1,2.28,-2.27,-13.43,-0.12,-0.44,-0.24,4.09,-31.59,11.9,-43.18,-0.24,0.23,0.91
46.833,3,-0.962,-0.27,0.05,0.04,8.52,-4.23,31.22,-0.04,0.06,-0.07,4.09,-16.17,-14.8,-10.99,0.04,0.44,0.83
46.837,7,-0.445,0.21,0.12,0.86,248.1,-27.56,1.8,0.25,-0.61,-0.12,4.09,34.64,145.57,-1.07,0.02,-0.11,1.09
46.838,4,0.316,-0.38,-0.21,0.84,140.12,30.97,-44.04,0.01,0.15,0.04,3.93,0.15,5.49,-11.75,-0.63,-0.6,0.67
46.842,0,-0.978,-0.01,-0.14,-0.16,33.14,15.26,3.32,-0.2,0.12,-0.13,4.09,10.68,-15.41,3.97,-0.48,-0.02,0.8
46.844,5,0.306,0.41,0.03,-0.86,240.38,45.88,16.83,0.02,0.06,-0.03,4.01,5.49,-2.75,3.51,-0.75,0.21,0.66
46.847,2,0.774,-0.24,-0.13,0.57,85.88,4.07,-31.18,0.19,0.01,-0.08,4.09,12.05,-10.99,-26.55,-0.04,-0.64,0.68
46.849,6,-0.144,0.01,-0.01,-0.99,177.46,1.6,0.51,-0.25,0.13,0.07,3.96,-80.57,125.58,44.56,0.13,0.15,1.02
46.934,1,-0.977,0.15,-0.02,0.15,356.23,-0.78,-17.1,0.3,-0.59,-0.11,4.09,-37.69,37.08,-99.95,0.16,0.37,0.98
46.936,3,-0.962,-0.26,0.05,0.05,6.61,-4.15,30.73,-0.09,-0.02,-0.15,4.09,10.53,-11.9,-22.58,-0.03,0.44,0.71
46.939,7,-0.447,0.09,0.13,0.88,246.71,-15.86,8.4,0.05,-0.07,0.29,4.09,97.5,81.79,-103.45,0.31,0.27,1.26
46.941,4,0.313,-0.39,-0.21,0.84,140.46,31.34,-43.76,-0.01,0.05,0.06,3.93,-19.53,0.76,-3.05,-0.49,-0.62,0.71
46.945,0,-0.978,-0.01,-0.14,-0.15,32.43,15.8,3.26,-0.33,-0.01,-0.04,4.09,0.76,22.43,-3.2,-0.54,0.14,0.84
46.947,5,0.312,0.41,0.02,-0.85,242.3,46.01,19.1,-0.01,-0.01,-0.06,4.01,9.31,9.77,10.53,-0.65,0.17,0.61
46.951,2,0.777,-0.23,-0.13,0.57,85.71,3.94,-30.2,0.04,0.05,0,4.09,16.94,14.34,-7.48,-0.05,-0.59,0.79
46.952,6,-0.11,0.13,0.06,-0.98,180.38,13.57,-8.19,-0.35,-0.02,-0.16,3.96,-96.59,88.2,22.28,0.11,-0.07,0.86
47.033,1,-0.963,0.16,-0.01,0.22,349.24,-2.53,-18.17,0.08,-0.23,-0.16,4.09,-5.34,-6.1,-88.35,0.01,-0.03,0.87
47.035,3,-0.957,-0.27,0.06,0.08,3.8,-4.33,32.36,-0.12,0.13,-0.16,4.09,11.29,-12.21,-10.99,-0.02,0.32,0.8
47.038,7,-0.363,-0.03,0.18,0.91,236.58,-4.26,20.65,-0.37,-0.23,0.08,4.09,95.37,101.32,-121.15,0.25,-0.08,1.16
47.04,4,0.305,-0.4,-0.22,0.84,140.34,32.21,-45.46,-0.06,-0.04,-0.04,3.93,-13.43,3.81,13.89,-0.5,-0.46,0.55
47.044,2,0.774,-0.23,-0.12,0.58,86.12,5.22,-29.76,0.1,-0.02,-0.09,4.09,-1.98,0.76,45.32,-0.05,-0.5,0.72
47.045,5,0.313,0.44,0.01,-0.84,244.94,47.79,22.64,0.04,0.12,0.07,4.01,19.38,30.82,3.66,-0.66,0.3,0.6
47.049,0,-0.975,-0.01,-0.17,-0.15,32.2,18.66,3.86,-0.28,0.05,-0.15,4.09,3.05,27.47,7.02,-0.53,0.11,0.72
47.051,6,-0.039,0.19,0.11,-0.97,186.75,21.75,-14,-0.12,0.2,-0.38,3.96,-55.85,30.36,81.79,-0.16,0.07,0.65
47.132,1,-0.951,0.17,0,0.26,344.45,-5.35,-18.43,0.14,-0.29,-0.14,4.09,-7.63,-8.85,-54.93,0.1,0.06,0.89
47.134,3,-0.953,-0.28,0.08,0.07,3.31,-5.96,33.7,0.04,0.05,0.09,4.09,7.02,-14.34,14.5,0.17,0.59,0.94
47.137,7,-0.321,-0.14,0.21,0.91,234.74,7.24,29.16,-0.32,0.14,-0.31,4.09,66.83,56.15,-41.35,0.21,0.3,0.62
47.139,5,0.315,0.46,0.01,-0.83,247.42,49.74,25.5,0.08,0.05,-0.09,4.01,-5.04,7.02,4.88,-0.78,0.35,0.51
47.143,0,-0.972,-0.01,-0.18,-0.15,32.15,20.78,4.34,-0.27,-0.01,-0.14,4.09,6.41,20.14,-13.43,-0.51,0.15,0.71
47.145,4,0.298,-0.41,-0.23,0.83,139.92,32.69,-47.57,0.1,0.07,-0.02,3.93,2.59,7.02,1.22,-0.61,-0.69,0.54
47.149,2,0.758,-0.24,-0.11,0.6,88.43,6.99,-30.15,-0.1,0.03,-0.08,4.09,-6.71,14.5,-0.46,-0.15,-0.4,0.77
47.15,6,-0.008,0.19,0.14,-0.97,189.71,21.21,-17.7,-0,0.16,-0.42,3.96,-23.8,-58.59,-0.31,-0.1,0.07,0.53
47.23,1,-0.939,0.18,0.02,0.29,340.53,-7.87,-19.23,0.29,-0.28,-0.19,4.09,-22.13,-8.24,-52.95,0.21,0.13,0.88
47.231,3,-0.954,-0.28,0.09,0.06,4.39,-7.36,33.22,0.18,-0.01,0.22,4.09,-12.21,2.9,9.61,0.33,0.69,0.97
47.235,7,-0.248,-0.18,0.23,0.92,227.67,12.51,31.58,0.02,-0.1,-0.28,4.09,14.95,-33.87,-148.01,-0.25,0.3,0.63
47.236,5,0.321,0.45,0.01,-0.84,247.06,48.95,23.67,0.07,0.08,0.03,4.01,-26.86,-33.42,-10.68,-0.73,0.31,0.56
47.239,0,-0.973,-0.02,-0.2,-0.12,29.59,22.11,5.21,-0.19,0.02,-0.04,4.09,17.7,-3.66,-30.98,-0.54,0.11,0.81
47.241,4,0.299,-0.4,-0.22,0.84,140.26,33.26,-46.14,0,-0.12,0.29,3.93,42.11,0.76,17.7,-0.5,-0.69,0.69
47.246,2,0.76,-0.25,-0.12,0.59,87.56,6.9,-31.66,0.06,-0.04,0.08,4.09,-21.06,-7.17,-7.63,-0.07,-0.6,0.91
47.247,6,-0.007,0.14,0.14,-0.98,190.81,15.89,-17.21,-0.51,1.04,-1.21,3.96,8.09,-95.21,-91.86,0.28,0.84,0.42
47.327,1,-0.925,0.19,0.03,0.33,337,-10.09,-20.17,0.53,-0.23,0.14,4.09,-15.72,-7.78,-38.6,0.47,0.06,1.21
47.329,3,-0.958,-0.27,0.08,0.06,5.23,-7.1,31.75,-0.04,-0.19,0.08,4.09,-12.36,17.7,4.43,0.04,0.7,0.81
47.332,7,-0.162,-0.17,0.24,0.94,217.69,14.4,31.59,-0.02,-0.31,-0.04,4.09,18.31,-39.06,-70.04,-0.32,0.19,0.91
47.334,5,0.327,0.41,0.02,-0.85,243.9,44.92,18.96,-0.04,-0.03,0.04,4.01,-10.22,-31.43,-2.75,-0.64,0.25,0.67
47.337,0,-0.977,-0.03,-0.18,-0.1,26.7,20.82,5.95,-0.03,-0.13,0.15,4.09,15.41,-28.08,-15.41,-0.4,0.24,1.06
47.339,4,0.305,-0.4,-0.19,0.85,140.93,33.91,-42.15,-0.08,-0.07,0.19,3.93,15.11,0.92,-5.04,-0.55,-0.69,0.79
47.343,2,0.764,-0.25,-0.13,0.58,86.86,5.04,-32.67,0.11,-0.13,0.15,4.09,2.75,-11.44,-39.22,0.05,-0.69,0.93
47.344,6,-0.047,0.06,0.13,-0.99,187.8,5.97,-14.84,-0.38,0.2,-0.06,3.96,25.94,-75.53,4.12,0.15,0.05,0.95
47.433,1,-0.917,0.2,0.03,0.34,334.94,-11.21,-20.59,0.04,-0.28,0.41,4.09,26.7,7.48,-7.63,0.04,-0.23,1.23
47.434,3,-0.957,-0.27,0.07,0.07,3.54,-5.41,32.27,-0.25,0.08,-0.28,4.09,-7.78,11.44,-28.23,-0.14,0.3,0.69
47.438,7,-0.147,-0.13,0.26,0.95,214.41,9.34,32.43,-1.15,-1,0.03,4.09,-65,229.8,101.47,1.06,-0.95,1.15
47.439,5,0.328,0.4,0.02,-0.86,243.22,43.76,18.18,-0.04,-0.13,0.02,4.01,4.27,2.44,12.82,-0.87,0.27,0.76
47.443,0,-0.98,-0.04,-0.17,-0.09,26.23,18.62,7.1,-0.23,0.12,0.02,4.09,2.59,-7.02,-12.66,-0.58,0.06,0.88
47.445,4,0.307,-0.39,-0.18,0.85,140.99,33.68,-41.63,-0.15,0.03,-0.19,3.93,8.24,-7.48,3.97,-0.53,-0.46,0.64
47.448,2,0.787,-0.24,-0.14,0.55,83.19,2.57,-32.17,0.2,0.04,0.18,4.09,12.36,9.92,-37.84,-0.02,-0.79,0.9
47.45,6,-0.07,-0.01,0.1,-0.99,186.17,-2.21,-11.05,-0.13,0.07,-0.07,3.96,40.28,-64.39,-52.19,0.12,-0.12,0.9
47.531,1,-0.928,0.18,0.03,0.32,337.36,-9.98,-19.18,-0.04,-0.1,0.23,4.09,26.86,12.21,76.75,0.12,-0.34,1.18
47.533,3,-0.96,-0.26,0.06,0.08,3.53,-4.46,31.13,-0.06,-0.09,0,4.09,-6.41,8.85,-9.61,-0,0.57,0.78
47.536,7,-0.211,-0.08,0.25,0.94,220.08,2.63,30.56,-0.08,-0.24,0.2,4.09,-1.07,-61.49,24.57,-0.06,0.19,1.14
47.537,5,0.331,0.39,0.02,-0.86,243.67,43.49,18.46,0.02,-0.06,-0.08,4.01,0.92,2.14,4.58,-0.58,0.23,0.6
47.542,0,-0.982,-0.05,-0.17,-0.08,24.3,18.49,7.63,-0.26,0.16,-0.01,4.09,8.24,1.22,-8.24,-0.59,0,0.85
47.544,4,0.302,-0.39,-0.18,0.85,142.25,33.97,-40.13,-0.14,0.01,-0.01,3.93,1.83,-0.92,15.56,-0.45,-0.41,0.72
47.548,2,0.786,-0.24,-0.14,0.55,83.54,2.84,-31.79,-0.21,0.03,-0.07,4.09,3.66,-2.9,-7.17,-0.12,-0.35,0.86
47.549,6,-0.094,-0.06,0.06,-0.99,183.64,-7.88,-6.5,0.06,0.03,0,3.96,46.23,-46.54,-35.71,0.07,-0.1,1
47.649,1,-0.95,0.17,0.02,0.26,344.18,-6.89,-17.92,0.07,-0.33,-0.04,4.09,17.7,13.58,81.79,0.05,0,1
47.651,3,-0.957,-0.27,0.06,0.1,1.54,-3.55,31.62,-0.13,-0.01,-0.15,4.09,6.56,7.02,-15.87,-0.1,0.42,0.75
47.656,7,-0.247,-0.02,0.24,0.94,222.28,-5.25,27.97,-0.01,-0.05,0.07,4.09,-41.66,-68.05,59.81,0.09,0.4,0.95
47.657,5,0.326,0.41,0.01,-0.85,244.21,44.75,20.05,0.08,-0.01,-0.1,4.01,19.23,18.31,6.56,-0.82,0.43,0.68
47.662,0,-0.982,-0.05,-0.17,-0.07,23.39,18.98,7.17,-0.22,0.1,-0.05,4.09,-3.2,9.46,-1.53,-0.52,0.06,0.82
47.663,4,0.295,-0.4,-0.18,0.85,142.53,34.54,-41.09,-0.04,-0,-0.11,3.93,-20.75,12.21,-10.53,-0.48,-0.51,0.56
47.667,2,0.795,-0.23,-0.14,0.54,82.25,1.71,-31.27,0.12,0.1,0.08,4.09,1.98,0.92,12.97,-0.08,-0.65,0.83
47.668,6,-0.144,-0.12,0.03,-0.98,177.6,-13.85,-1.48,0.07,-0.01,-0.07,3.96,39.98,-61.04,-55.24,0.15,-0.07,0.92
47.747,1,-0.966,0.15,0.02,0.21,350.48,-5.61,-16.71,0.1,-0.27,-0.13,4.09,20.45,-18.77,60.58,0.06,0.03,0.91
47.75,3,-0.953,-0.28,0.06,0.1,1.44,-3.42,33.09,-0.02,0.02,0.08,4.09,18.01,-7.48,-11.14,0.04,0.56,0.92
47.755,7,-0.273,0.06,0.22,0.93,223.82,-13.66,22.61,0.04,-0.14,-0.05,4.09,-48.22,-59.81,62.87,0.13,0.24,0.89
47.756,5,0.316,0.42,0.01,-0.85,243.91,46.55,20.71,-0.07,0.12,-0.17,4.01,6.56,13.43,-4.27,-0.43,0.27,0.56
47.76,0,-0.981,-0.04,-0.18,-0.07,23.09,20.27,6.58,-0.21,0.08,-0.13,4.09,-5.65,7.78,4.58,-0.51,0.04,0.74
47.762,4,0.292,-0.41,-0.19,0.84,141.51,35.29,-43.3,-0.06,-0.04,0,3.93,-18.46,23.19,-15.11,-0.6,-0.74,0.66
47.766,2,0.789,-0.24,-0.13,0.55,83.23,3.27,-30.94,-0.12,0.01,-0.1,4.09,0.46,9.46,-4.58,-0.11,-0.38,0.84
47.768,6,-0.17,-0.17,-0,-0.97,173.52,-18.73,4.01,0.3,0.07,0.14,3.96,40.59,-49.44,-43.95,0.08,0.1,1.2
47.847,1,-0.975,0.14,0.02,0.17,354.73,-5.27,-15.35,0.3,-0.2,-0.2,4.09,29.6,-9.92,47.61,0.31,0.07,0.83
47.848,3,-0.949,-0.29,0.07,0.1,0.81,-4.19,34.49,0.05,-0.01,0.08,4.09,-6.26,-9.31,31.74,0.13,0.64,0.89
47.852,7,-0.343,0.14,0.18,0.91,232.41,-22.19,14.94,0.1,-0.14,0.02,4.09,-48.07,-55.54,126.95,0.24,0.22,0.98
47.853,4,0.297,-0.42,-0.19,0.83,139.47,36.09,-45.06,-0.08,0.15,-0.1,3.93,3.66,7.17,-16.63,-0.6,-0.55,0.57
47.857,0,-0.979,-0.04,-0.18,-0.08,24.44,20.54,6.03,-0.2,0.09,-0.09,4.09,-11.9,-0.61,22.58,-0.52,0.03,0.78
47.858,5,0.309,0.43,0.02,-0.85,242.97,47.39,20.27,0.04,-0.03,0.26,4.01,5.34,-7.02,-2.9,-0.79,0.36,0.72
47.862,2,0.793,-0.24,-0.13,0.55,82.34,3.32,-31.1,0.13,0.08,0,4.09,-8.85,-4.58,9.31,-0.07,-0.64,0.78
47.863,6,-0.209,-0.21,-0.04,-0.95,167.29,-22.53,10.46,0.93,-0.08,0.33,3.96,8.39,4.58,-37.84,-0.36,-0.13,1.5
47.946,1,-0.983,0.12,0.03,0.13,359.05,-5.29,-12.89,0.35,-0.14,0.15,4.09,34.03,-12.97,62.1,0.41,-0.01,1.16
47.947,3,-0.955,-0.28,0.08,0.08,3.08,-5.99,32.97,0.04,-0.03,0.23,4.09,-15.26,13.89,5.49,0.17,0.66,0.99
47.951,7,-0.391,0.2,0.16,0.89,239.7,-28.22,8.03,0.55,-0.36,-0.05,4.09,-15.87,-63.17,59.66,-0.15,0.34,1.13
47.952,5,0.307,0.41,0.02,-0.86,241.07,45.44,18.34,-0.02,0.12,-0.16,4.01,-16.94,-36.16,-16.94,-0.56,0.19,0.55
47.955,0,-0.979,-0.03,-0.17,-0.1,26.22,19.71,5.45,0.01,-0.04,0.18,4.09,-8.24,-25.63,18.01,-0.37,0.14,1.12
47.957,4,0.304,-0.42,-0.19,0.84,139.19,35.73,-44.19,-0.04,-0.09,0.09,3.93,16.94,-5.34,1.07,-0.47,-0.57,0.6
47.962,2,0.791,-0.24,-0.13,0.55,82.4,3.22,-31.74,0.13,0.01,-0.02,4.09,-1.22,-9.46,-14.19,0.01,-0.62,0.77
47.963,6,-0.233,-0.14,-0.06,-0.96,165.43,-14.4,10.5,0.18,-0.18,0.24,3.96,-29.75,114.14,-34.79,0.31,-0.06,1.2
48.045,1,-0.989,0.1,0.03,0.1,3.25,-4.32,-11.62,0.23,-0.35,-0.16,4.09,17.09,-0.15,19.53,0.14,0.38,0.98
48.046,3,-0.954,-0.27,0.07,0.1,1.18,-4.49,32.63,-0.14,0.11,-0.22,4.09,2.59,-2.14,-31.89,-0.06,0.32,0.73
48.05,7,-0.435,0.21,0.13,0.87,246.66,-28.71,3.09,0.74,-0.04,0.06,4.09,-7.32,37.08,34.64,0.1,0.67,1.2
48.051,5,0.303,0.39,0.03,-0.87,238.46,43.83,14.97,0.05,0.04,0.26,4.01,-16.94,-6.87,-11.9,-0.63,0.32,0.75
48.054,0,-0.981,-0.03,-0.15,-0.11,27.79,17.13,5.7,-0.1,-0.12,0.28,4.09,-2.59,-19.53,-5.49,-0.49,0.31,1.07
48.056,4,0.306,-0.42,-0.18,0.84,139.26,35.85,-43.3,-0.05,-0.03,0.13,3.93,1.83,4.58,-7.32,-0.55,-0.63,0.68
48.06,2,0.816,-0.23,-0.14,0.51,78.15,0.61,-30.94,0.33,0.04,0.31,4.09,22.89,12.97,-1.07,0.11,-0.91,0.97
48.061,6,-0.203,-0.04,-0.02,-0.98,170.49,-3.86,3.21,0,0.14,0.28,3.96,-80.26,108.49,25.18,0.02,0.18,1.26
48.143,1,-0.984,0.13,0.02,0.12,0.65,-4.48,-14.28,-0.22,-0.42,-0.02,4.09,-43.49,19.68,-70.95,-0.23,0.1,1.06
48.145,3,-0.953,-0.27,0.08,0.12,358.77,-4.96,32.27,-0.08,0.01,0.08,4.09,-3.05,-15.56,-32.5,0,0.52,0.93
48.149,7,-0.43,0.13,0.11,0.89,244.88,-18.98,5.7,-0.11,0.14,0.29,4.09,47.15,121.31,-13.12,0.69,0.23,1.23
48.15,5,0.299,0.37,0.05,-0.88,236.23,43.19,11.39,0,-0.01,0.1,4.01,-10.68,-8.09,-6.87,-0.6,0.22,0.68
48.154,0,-0.982,-0.04,-0.15,-0.11,27.26,16.69,6.27,-0.32,0.14,-0.01,4.09,-4.43,12.21,-7.48,-0.61,0.02,0.85
48.155,4,0.306,-0.41,-0.18,0.84,139.48,35.73,-43.12,-0.1,0.04,-0.04,3.93,-13.58,-3.66,-14.65,-0.45,-0.43,0.52
48.159,2,0.812,-0.22,-0.12,0.53,79.44,2.21,-29.25,-0.16,0.01,-0.08,4.09,8.09,11.9,23.65,-0.13,-0.33,0.88
48.161,6,-0.178,0.07,0.03,-0.98,173.24,6.86,-4.97,-0.34,0.19,-0.14,3.96,-80.11,104.37,42.42,0.15,0.23,0.87
48.241,1,-0.971,0.15,0.01,0.18,353.14,-4.05,-17.23,0.16,-0.43,-0.17,4.09,-16.94,-3.66,-91.09,0.05,0.19,0.94
48.242,3,-0.947,-0.28,0.08,0.14,355.4,-4.43,33.18,-0.1,0.09,-0.15,4.09,6.1,-12.36,-2.44,-0.01,0.38,0.78
48.246,7,-0.387,0.02,0.15,0.91,239.04,-8.72,14.69,-0.18,-0.05,0.38,4.09,103.3,91.86,-146.03,0.22,0.05,1.33
48.248,5,0.293,0.37,0.05,-0.88,234.96,43.35,10,-0.08,-0.04,0.07,4.01,9,17.09,0.15,-0.64,0.21,0.75
48.251,0,-0.981,-0.03,-0.16,-0.1,26.02,18.48,5.37,-0.28,0.07,-0.05,4.09,-2.75,24.26,-1.53,-0.55,0.07,0.8
48.253,4,0.302,-0.42,-0.19,0.83,139.12,35.64,-44.97,-0.02,0.04,-0.09,3.93,-24.11,9.46,-2.29,-0.65,-0.51,0.55
48.256,2,0.808,-0.22,-0.11,0.53,80.2,3.19,-28.48,0.09,-0,-0.02,4.09,-0.15,-0.15,14.65,-0.03,-0.52,0.85
48.258,6,-0.166,0.13,0.09,-0.97,173.27,13.15,-12.57,-0.23,-0.08,-0.36,3.96,-79.35,26.55,20.6,0.06,-0.14,0.63
48.34,1,-0.96,0.16,0.02,0.23,347.66,-6.39,-16.95,0.11,-0.18,-0.14,4.09,-12.97,-14.65,-67.29,0.13,-0.04,0.86
48.341,3,-0.945,-0.28,0.09,0.14,355.2,-4.94,33.72,-0.14,0.02,-0.11,4.09,11.29,3.51,11.44,-0.05,0.44,0.77
48.346,7,-0.31,-0.11,0.19,0.93,232.16,4.75,24.66,-0.38,-0.15,-0.21,4.09,74.92,85.91,-65.31,0.13,0.04,0.93
48.348,5,0.287,0.39,0.05,-0.87,235.08,45.03,11.24,-0.01,0.2,-0.09,4.01,13.73,24.41,3.36,-0.53,0.27,0.67
48.352,0,-0.979,-0.02,-0.18,-0.09,25.89,20.53,4.61,-0.24,-0.04,-0.09,4.09,-3.81,11.9,-5.8,-0.54,0.15,0.77
48.354,4,0.295,-0.43,-0.2,0.83,138.79,36.2,-46.99,-0.12,0.09,-0.05,3.94,-26.4,5.8,-9.92,-0.71,-0.68,0.69
48.357,2,0.79,-0.23,-0.11,0.56,83.48,4.74,-28.8,-0.08,-0,-0.12,4.09,-12.21,-4.88,37.99,-0.11,-0.32,0.8
48.359,6,-0.099,0.15,0.13,-0.98,180.16,15.95,-16.6,0.24,-0.03,0.17,3.96,-54.17,-13.43,26.7,-0.47,-0.4,1.02
48.439,1,-0.952,0.16,0.03,0.26,344.75,-8.03,-17.25,0.18,-0.26,-0.05,4.09,-12.05,-0.46,-30.52,0.17,0.02,0.97
48.44,3,-0.945,-0.28,0.1,0.13,356.02,-6.15,34.4,0.05,0.08,0.07,4.09,-0.92,-3.97,19.53,0.19,0.56,0.91
48.445,7,-0.287,-0.18,0.22,0.91,232.15,11.84,31.16,-0.31,-0.06,-0.53,4.09,50.81,35.1,-25.63,0.1,0.05,0.54
48.447,5,0.286,0.41,0.05,-0.87,235.92,47.01,12.39,0.02,-0.01,-0.01,4.01,-9.77,-0.92,3.05,-0.8,0.17,0.7
48.451,0,-0.977,-0.02,-0.19,-0.09,25.09,21.97,4.43,-0.21,0.05,-0.04,4.09,3.66,9.46,-8.85,-0.56,0.05,0.8
48.452,4,0.299,-0.44,-0.22,0.82,136.82,35.42,-50.4,-0.01,-0.01,0.23,3.94,-15.26,-1.37,-12.51,-0.49,-0.58,0.56
48.456,2,0.78,-0.24,-0.11,0.57,84.77,5.34,-29.76,-0.04,0.04,-0.03,4.09,-13.43,5.65,-1.98,-0.14,-0.46,0.85
48.458,6,-0.062,0.15,0.14,-0.98,184.12,16.32,-18.28,-0.63,0.13,-0.89,3.96,-1.98,-76.45,-6.56,0.7,0.06,0.57
48.54,1,-0.944,0.17,0.03,0.28,342.51,-9.05,-17.95,0.22,-0.27,-0.15,4.09,-32.96,-14.5,-37.84,0.19,0.08,0.92
48.542,3,-0.949,-0.28,0.11,0.11,358.24,-8.16,33.46,0.04,-0.08,0.23,4.09,-3.05,10.68,20.75,0.16,0.71,0.95
48.547,7,-0.221,-0.19,0.24,0.93,224.97,13.68,33.03,0.38,-0.17,0.2,4.09,45.47,-16.94,-33.57,-0.66,0.63,0.87
48.549,5,0.29,0.39,0.06,-0.87,235.49,46.06,10.62,0.04,0,0.06,4.01,-22.28,-25.63,-4.12,-0.71,0.15,0.65
48.552,0,-0.976,-0.02,-0.21,-0.07,23.38,23.49,3.96,-0.18,-0.01,0,4.09,8.24,1.22,-26.09,-0.55,0.09,0.86
48.554,4,0.312,-0.42,-0.24,0.81,135.95,32.8,-51.46,-0.07,-0.05,-0.18,3.94,19.38,-27.01,0,-0.43,-0.55,0.5
48.558,2,0.778,-0.24,-0.12,0.57,84.64,5.37,-30.97,0.01,-0.05,0.08,4.09,-24.72,-12.05,9.61,-0.04,-0.54,0.92
48.559,6,-0.079,0.11,0.14,-0.98,183.06,11.48,-17.65,-0.92,0.84,-1.29,3.96,47.76,-139.92,-56.61,-0.06,0.26,0.68
48.679,1,-0.931,0.19,0.05,0.31,339.67,-11.73,-19.54,0.31,-0.35,0.11,4.09,-12.05,-7.32,-37.69,0.3,0.04,1.16
48.681,3,-0.954,-0.27,0.1,0.1,0.11,-8.03,32.28,-0.18,-0.12,0.01,4.09,-6.41,0.76,4.73,-0.1,0.63,0.78
48.685,7,-0.17,-0.19,0.26,0.93,219.46,15.26,34.49,-0.07,-0.13,-0.22,4.09,5.8,-28.23,-57.22,-0.17,0.31,0.68
48.687,5,0.294,0.37,0.07,-0.88,234.09,43.49,7.52,-0.13,0.1,-0.09,4.01,-6.41,-12.97,-7.32,-0.62,-0.01,0.76
48.691,0,-0.977,-0.02,-0.2,-0.06,21.49,23.22,3.51,-0.01,0.06,0.09,4.09,-1.68,-12.36,-4.12,-0.44,0.01,0.99
48.692,4,0.319,-0.41,-0.24,0.82,136.83,31.43,-49.62,-0.05,-0.03,0.08,3.94,7.78,-6.41,6.26,-0.43,-0.57,0.57
48.699,2,0.777,-0.25,-0.13,0.57,84.84,4.49,-31.87,0.23,-0.07,0.14,4.09,-2.75,-10.22,-12.51,0.05,-0.8,0.86
48.7,6,-0.099,0.04,0.12,-0.99,182.07,3.54,-14.74,-0.2,0.25,-0.13,3.96,28.99,-70.19,-16.78,0.09,0.06,0.94
48.766,1,-0.923,0.2,0.04,0.33,337.1,-11.9,-20.16,-0.06,-0.27,0.6,4.09,8.09,14.34,-4.43,0.11,-0.4,1.62
48.768,3,-0.949,-0.28,0.09,0.12,357.86,-5.93,33.58,-0.25,0.27,-0.18,4.09,-6.56,17.85,0.31,-0.05,0.2,0.84
48.774,7,-0.149,-0.13,0.27,0.94,214.8,9.18,33.93,0.46,-0.42,1.33,4.09,39.98,-172.88,44.71,-1.1,0.9,2.41
48.776,5,0.294,0.37,0.07,-0.88,234.19,43.66,7.88,0.01,0.11,0,4.01,-7.17,9.77,-2.9,-0.74,0.09,0.75
48.784,0,-0.98,-0.01,-0.19,-0.07,22.33,21.6,2.94,-0.09,0.12,0.19,4.09,-15.72,-0.31,25.18,-0.6,-0.06,1.03
48.786,4,0.32,-0.4,-0.23,0.83,137.45,31.12,-48.25,-0.1,0.04,-0.04,3.94,10.83,-10.99,8.39,-0.5,-0.64,0.68
48.791,2,0.776,-0.25,-0.13,0.57,85.01,4.02,-32.18,0.13,-0.01,0.07,4.09,12.05,3.51,5.19,-0.01,-0.66,0.82
48.792,6,-0.126,-0.02,0.11,-0.99,179.8,-3.52,-11.83,0.01,0.02,0,3.96,33.26,-59.2,-26.7,0.03,-0.19,0.99
48.846,1,-0.934,0.18,0.04,0.31,339.16,-10.15,-18.49,-0.09,-0.26,-0.08,4.09,29.91,11.44,74.46,-0.02,-0.15,0.98
48.848,3,-0.953,-0.27,0.09,0.11,359.16,-6.51,32.48,-0.1,-0.09,-0.04,4.09,5.65,-2.9,-18.16,-0.01,0.57,0.78
48.853,7,-0.209,-0.09,0.25,0.94,219.97,3.22,30.83,-0.1,0.31,0.83,4.09,-21.97,-70.19,65.31,-0.1,0.89,1.29
48.855,5,0.293,0.38,0.07,-0.87,234.43,44.86,8.2,0.01,0.02,0.1,4.01,9.92,16.78,-0.15,-0.65,0.18,0.79
48.859,0,-0.979,0,-0.19,-0.08,23.23,21.77,1.76,-0.31,0.02,-0,4.09,-0.76,7.17,1.07,-0.65,0.05,0.81
48.861,4,0.318,-0.4,-0.22,0.83,138.32,31.29,-46.82,-0.06,0.05,-0.05,3.94,3.2,3.66,12.51,-0.55,-0.54,0.68
48.867,2,0.77,-0.24,-0.12,0.58,86.3,4.93,-31.2,-0.06,0.11,-0.06,4.09,-4.58,-2.29,43.49,-0.21,-0.41,0.84
48.868,6,-0.143,-0.07,0.08,-0.98,178.16,-9.72,-8.29,0.05,0.18,-0.02,3.96,33.57,-64.54,-32.96,0.07,0.03,0.99
48.963,1,-0.955,0.16,0.02,0.25,345.89,-7.22,-16.93,0.06,-0.36,-0.1,4.09,15.56,-21.82,76.9,-0.05,0.07,0.98
48.964,3,-0.95,-0.28,0.09,0.12,358.22,-6.38,33.31,-0.1,0.01,0.01,4.09,2.75,4.43,1.53,0.02,0.53,0.85
48.968,7,-0.23,-0.02,0.24,0.94,220.33,-4.42,27.04,-0.06,-0.08,-0.07,4.09,-47.15,-63.63,45.01,0.03,0.36,0.88
48.969,5,0.29,0.4,0.06,-0.87,235.19,46.43,9.81,0.13,-0.1,0.09,4.01,8.09,18.31,3.51,-1.02,0.11,0.67
48.973,0,-0.977,0.01,-0.2,-0.08,23.09,22.93,1.07,-0.2,0.03,-0.1,4.09,-3.2,15.11,-1.98,-0.53,0.01,0.74
48.975,4,0.314,-0.4,-0.23,0.83,138.07,31.71,-48.09,-0.02,0.09,-0.21,3.94,-19.99,13.28,-11.75,-0.54,-0.67,0.54
48.98,2,0.756,-0.24,-0.12,0.6,88.78,6.36,-30.78,-0.03,0.04,-0.05,4.09,6.1,1.22,-1.22,-0.18,-0.51,0.8
48.982,6,-0.167,-0.14,0.06,-0.97,175.19,-16.69,-4.09,0.1,0.02,0.01,3.96,38.6,-59.36,-31.59,0.17,-0.04,1.02
49.064,1,-0.966,0.15,0.03,0.21,350.96,-7.52,-16.6,0.18,-0.24,-0.16,4.09,10.83,-37.54,39.98,0.19,0.04,0.89
49.065,3,-0.946,-0.29,0.09,0.12,357.51,-5.82,34.7,-0.07,0.02,0.07,4.09,22.28,-10.38,-16.63,0.03,0.56,0.93
49.069,7,-0.239,0.04,0.21,0.95,220.27,-10.53,22.55,0.08,-0.15,-0.05,4.09,-45.78,-47.3,28.84,0.05,0.27,0.92
49.07,5,0.288,0.41,0.06,-0.87,235.54,47.53,10.63,0.06,-0.04,0.05,4.01,7.32,15.56,4.88,-0.7,0.16,0.59
49.074,0,-0.975,0.01,-0.21,-0.07,22.95,24.03,0.51,-0.2,0.11,-0.08,4.09,-3.2,7.48,2.14,-0.57,-0.06,0.76
49.075,4,0.315,-0.42,-0.24,0.82,136.27,32.43,-50.62,-0.13,0.06,0.02,3.94,-15.11,16.94,-11.44,-0.53,-0.65,0.57
49.079,2,0.75,-0.25,-0.12,0.6,89.36,7.26,-31.47,-0.06,0.06,-0.01,4.09,-14.19,2.29,14.04,-0.21,-0.47,0.86
49.081,6,-0.211,-0.18,0.03,-0.96,169.04,-20.88,1.5,0.17,0.15,0.04,3.96,31.28,-26.4,-82.4,0.24,0.02,1.05
49.163,1,-0.97,0.15,0.05,0.19,353.69,-9.23,-15.76,0.12,-0.23,-0.04,4.09,10.38,-8.54,10.38,0.2,-0.04,0.96
49.165,3,-0.943,-0.29,0.09,0.13,356.86,-5.8,35.34,-0.01,0.02,0.03,4.09,-3.2,-12.97,30.52,0.1,0.59,0.91
49.168,7,-0.268,0.1,0.18,0.94,223.36,-16.65,17.21,-0.01,-0.2,-0.02,4.09,-48.22,-42.72,68.97,0.2,0.12,0.97
49.17,5,0.285,0.41,0.06,-0.86,235.64,48.38,11.03,0.01,-0.07,0.11,4.01,1.83,-0.15,7.48,-0.81,0.16,0.69
49.173,0,-0.973,0.02,-0.22,-0.08,22.93,24.98,-0.61,-0.16,0.08,-0.04,4.09,-2.59,2.44,0.61,-0.55,-0.06,0.8
49.175,4,0.319,-0.42,-0.23,0.81,135.3,32.88,-50.83,-0.03,0.12,-0.22,3.94,22.43,-9.92,11.75,-0.57,-0.42,0.47
49.179,2,0.746,-0.26,-0.12,0.6,89.35,8.03,-32.45,0.06,0.05,-0.03,4.09,-13.12,-8.39,-2.75,-0.17,-0.56,0.77
49.182,6,-0.255,-0.21,-0,-0.94,162.34,-22.97,7.13,0.57,0.02,0.14,3.96,28.84,-16.94,-32.65,-0.01,-0.14,1.29
49.262,1,-0.975,0.13,0.06,0.17,355.92,-9.64,-13.9,0.19,-0.11,0.03,4.09,28.23,-16.02,30.21,0.32,-0.07,1
49.263,3,-0.949,-0.28,0.11,0.1,359.77,-8.46,34.02,-0.06,0,0.13,4.09,-12.21,5.65,29.91,0.11,0.57,1.01
49.267,7,-0.316,0.15,0.14,0.93,229.83,-21.94,10.07,0.14,-0.12,0.02,4.09,-45.01,-41.5,59.05,0.17,0.17,1
49.269,5,0.291,0.41,0.06,-0.86,236.62,47.47,12.08,0.03,0,-0.05,4.01,-3.97,-12.21,7.63,-0.74,0.16,0.64
49.272,0,-0.973,0.03,-0.22,-0.08,22.6,25.37,-1.73,-0.05,0.11,0.09,4.09,-4.73,-3.81,-0.31,-0.51,-0.13,1
49.274,4,0.324,-0.41,-0.22,0.82,136.4,32.51,-47.81,-0.09,-0.06,-0.01,3.93,27.62,-18.46,0.92,-0.49,-0.6,0.59
49.278,2,0.741,-0.27,-0.13,0.6,89.81,7.6,-34.15,0.16,0.09,0.02,4.09,-11.6,-20.6,20.45,-0.17,-0.71,0.76
49.28,6,-0.273,-0.16,-0.02,-0.95,160.79,-16.97,7.78,0.29,-0.02,0.12,3.96,-16.02,121.46,-32.65,0.13,-0.02,1.17
49.36,1,-0.982,0.12,0.07,0.13,359.62,-9.19,-12.48,0.31,-0.17,0.06,4.09,21.67,27.31,52.34,0.43,0.05,1.01
49.362,3,-0.957,-0.26,0.1,0.07,2.71,-8.9,31.61,-0.06,0.02,-0.04,4.09,-11.14,3.81,-7.17,0.07,0.46,0.87
49.366,7,-0.351,0.18,0.11,0.91,235.26,-24.37,4.38,0.47,-0.03,0.01,4.09,-24.26,1.53,44.71,0.04,0.37,1.03
49.367,5,0.295,0.4,0.06,-0.87,236.52,46.62,11.17,-0.06,-0.07,0.01,4.01,-4.12,-6.41,8.85,-0.69,0.12,0.68
49.371,0,-0.973,0.04,-0.21,-0.09,24.17,24.26,-1.99,-0.04,0.13,0.07,4.09,-13.58,-15.72,29.14,-0.54,-0.14,0.95
49.372,4,0.325,-0.39,-0.2,0.84,138.34,31.97,-44.18,-0.09,0.04,0.05,3.93,8.39,-6.26,6.87,-0.54,-0.56,0.72
49.375,2,0.736,-0.26,-0.14,0.61,91.5,5.82,-34.04,0.25,-0.13,0.15,4.09,4.27,-30.06,3.81,0.09,-0.81,0.83
49.377,6,-0.263,-0.07,-0.01,-0.96,163.3,-7.14,2.87,-0.15,0.11,0.21,3.96,-73.09,114.59,87.59,0.18,0.28,1.19
49.459,1,-0.982,0.12,0.06,0.13,0.11,-8.21,-13.25,0.15,-0.41,0.04,4.09,-43.03,21.67,-47.3,0.15,0.14,1.04
49.46,3,-0.957,-0.26,0.09,0.09,1.57,-7.12,31.36,-0.08,0.06,-0.1,4.09,-0.31,9.46,-14.65,0.04,0.41,0.81
49.465,7,-0.359,0.16,0.09,0.92,236.21,-20.61,3.45,0.6,-0.36,-0.12,4.09,21.36,116.12,-23.19,-0.24,0.11,1.02
49.466,5,0.3,0.4,0.06,-0.86,237.27,46.42,11.57,0.06,0.02,0.12,4.01,4.58,2.14,11.29,-0.59,0.22,0.63
49.47,0,-0.972,0.05,-0.21,-0.11,26.06,24.24,-2.75,-0.27,-0.09,-0.08,4.09,-6.1,10.07,8.54,-0.6,0.11,0.73
49.471,4,0.319,-0.39,-0.2,0.84,139.27,32.22,-43.66,0.05,0.02,-0.1,3.93,-3.97,-4.58,9.16,-0.71,-0.69,0.68
49.475,2,0.731,-0.24,-0.15,0.62,93.38,4.56,-32.47,0.08,-0.08,0.13,4.09,6.87,-8.7,49.13,0.02,-0.6,0.88
49.477,6,-0.224,0.04,0.02,-0.97,167.94,4.17,-3.67,-0.36,0.28,-0.12,3.96,-54.63,115.2,14.65,0.13,0.28,0.92
49.557,1,-0.972,0.15,0.03,0.18,354.31,-6.35,-16.26,0.28,-0.44,-0.12,4.09,-50.05,24.57,-84.84,0.18,0.22,0.99
49.559,3,-0.956,-0.27,0.08,0.09,1.19,-5.72,31.88,-0.12,0.1,-0.1,4.09,10.53,6.41,-8.7,-0.01,0.37,0.84
49.563,7,-0.34,0.05,0.11,0.93,233.25,-9.59,9.59,0.07,-0.13,0.24,4.09,87.59,64.7,-87.28,0.09,0.02,1.16
49.565,5,0.305,0.41,0.05,-0.86,239.14,46.72,13.88,-0.05,0.03,-0.11,4.01,4.27,11.14,13.12,-0.68,0.14,0.64
49.568,0,-0.97,0.05,-0.21,-0.11,26.1,24.7,-3.33,-0.25,-0.08,-0.11,4.09,-0.15,9.31,0.15,-0.58,0.1,0.71
49.57,4,0.304,-0.39,-0.2,0.85,141.24,32.96,-43.04,-0.06,0.12,-0.12,3.93,-16.02,-6.56,-1.98,-0.56,-0.55,0.69
49.574,2,0.705,-0.23,-0.15,0.65,98.1,5.53,-31.62,-0.12,-0.07,-0.13,4.09,3.66,-14.8,4.27,-0.06,-0.43,0.81
49.575,6,-0.225,0.12,0.04,-0.97,166.9,12.16,-8.18,-0.31,-0.04,-0.36,3.96,-44.25,43.95,-0.76,0.13,0,0.64
49.652,1,-0.961,0.16,0.03,0.22,348.91,-7.16,-17.25,0.13,-0.37,-0.09,4.09,-1.07,-3.97,-39.06,0.1,0.05,0.97
49.653,3,-0.956,-0.27,0.07,0.09,1.82,-5.19,32.02,0.01,0.06,-0.03,4.09,6.1,3.66,17.55,0.12,0.48,0.86
49.658,7,-0.285,-0.04,0.17,0.94,227.44,-1.32,19.68,-0.25,-0.29,0.13,4.09,106.96,85.14,-82.09,0.08,0.01,1.19
49.66,5,0.319,0.42,0.04,-0.85,242.62,47.46,16.68,0.06,0.07,0.15,4.01,0.31,16.33,19.68,-0.65,0.29,0.68
49.664,0,-0.966,0.05,-0.22,-0.12,27.65,26.17,-2.67,-0.25,-0.04,-0.02,4.09,0,13.89,22.89,-0.64,0.06,0.77
49.666,4,0.289,-0.4,-0.21,0.85,142.66,33.52,-43.69,-0.02,0.1,-0.09,3.93,-18.77,-2.59,5.04,-0.62,-0.59,0.64
49.669,2,0.696,-0.23,-0.15,0.66,99.74,5.38,-31.57,0,-0.02,-0.09,4.09,-1.68,-2.44,25.63,-0.06,-0.46,0.77
49.671,6,-0.189,0.15,0.07,-0.97,170.43,15.31,-11.23,0.35,-0.09,0.08,3.96,-29.91,10.22,94.45,-0.6,-0.41,0.97
49.771,1,-0.956,0.16,0.04,0.24,346.61,-8.8,-16.64,0.15,-0.26,-0.05,4.09,-8.24,-13.12,-20.14,0.14,0.02,0.99
49.773,3,-0.954,-0.28,0.07,0.08,2.82,-5.45,32.99,-0.07,0.14,-0,4.09,14.95,8.24,12.66,0.06,0.41,0.93
49.777,7,-0.259,-0.13,0.22,0.93,227.09,7.8,28.64,-0.46,-0.22,-0.35,4.09,75.07,76.14,14.19,0.19,-0.05,0.77
49.781,5,0.333,0.43,0.03,-0.84,246.37,48.03,19.94,0.01,0.03,-0.09,4.01,-8.85,18.01,26.55,-0.73,0.22,0.56
49.786,0,-0.961,0.04,-0.24,-0.14,29.97,27.66,-0.9,-0.23,-0.1,-0.04,4.09,7.32,0,6.56,-0.62,0.14,0.77
49.788,4,0.275,-0.4,-0.21,0.85,143.61,34.2,-44.88,-0.01,-0,0.02,3.93,-21.21,-7.93,1.68,-0.56,-0.6,0.6
49.791,2,0.686,-0.23,-0.16,0.67,101.61,5.03,-31.62,-0.07,-0.04,-0.02,4.09,-5.19,-13.89,9.31,-0.07,-0.45,0.86
49.793,6,-0.116,0.16,0.08,-0.98,178.79,17.19,-11.48,-0.18,0.41,-0.2,3.96,-20.75,-26.4,68.05,-0.18,0.29,0.84
49.869,1,-0.955,0.16,0.04,0.25,346.1,-9.08,-16.5,0.24,-0.18,-0.13,4.09,-18.01,7.63,-9.92,0.26,0.02,0.88
49.871,3,-0.958,-0.27,0.07,0.05,6.47,-6.26,32.25,0.12,-0.06,0.15,4.09,-1.37,16.17,36.47,0.22,0.68,0.86
49.874,0,-0.961,0.03,-0.24,-0.14,31.01,27.41,0.78,-0.16,-0.02,-0.09,4.09,5.95,-14.19,5.8,-0.53,0.08,0.73
49.876,5,0.352,0.43,0.05,-0.83,248.93,48.3,19.64,0.07,0.08,-0.02,4.01,-34.03,0.92,-6.26,-0.75,0.28,0.63
49.88,2,0.681,-0.22,-0.17,0.68,102.45,4.2,-32.15,0.02,-0.03,-0.06,4.09,-8.24,-4.12,-10.53,-0.05,-0.53,0.78
49.882,4,0.263,-0.4,-0.23,0.85,145.18,33.72,-45.6,0,0.13,0.2,3.93,-12.36,-18.16,-3.36,-0.65,-0.64,0.71
49.885,7,-0.267,-0.16,0.25,0.92,229.14,8.92,32.92,-0.07,0.04,-0.42,4.09,8.39,-47.3,-59.66,-0.03,0.37,0.52
49.887,6,-0.131,0.12,0.09,-0.98,177.5,12.71,-12.14,-0.66,0.6,-0.45,3.96,14.95,-6.71,-116.73,0.58,0.65,0.66
49.972,1,-0.953,0.17,0.04,0.25,346.01,-8.97,-17.67,0.33,-0.17,0.04,4.09,-14.5,-6.1,-6.41,0.39,-0.02,1.06
49.974,3,-0.962,-0.27,0.07,0.01,10.44,-7.16,31.06,-0.03,-0.25,0.24,4.09,-19.68,21.06,34.18,0.08,0.87,0.89
49.977,7,-0.248,-0.13,0.27,0.92,226.25,6.48,34.83,0.19,-0.25,-0.12,4.09,2.44,0.46,52.64,-0.34,0.37,0.73
49.979,5,0.364,0.41,0.07,-0.83,248.41,47.36,16.01,0.04,-0.02,0.08,4.01,-31.43,-13.12,-9.77,-0.72,0.17,0.61
